R 506 0 1e+09 0 0
U 504 506 1 8 503
L 504 507 1.43102e-07 0 0
U 508 507 1 7 1
C 508 0 1.11073e-12 0 0
L 508 509 1.43102e-07 0 0
U 510 509 1 7 2
C 510 0 1.11073e-12 0 0
L 510 511 1.43102e-07 0 0
U 512 511 1 7 3
C 512 0 1.11073e-12 0 0
L 512 513 1.43102e-07 0 0
U 514 513 1 7 4
C 514 0 1.11073e-12 0 0
L 514 515 1.43102e-07 0 0
U 516 515 1 7 5
C 516 0 1.11073e-12 0 0
L 516 517 1.43102e-07 0 0
U 518 517 1 7 6
C 518 0 1.11073e-12 0 0
L 518 519 1.43102e-07 0 0
U 520 519 1 7 7
C 520 0 1.11073e-12 0 0
L 520 521 1.43102e-07 0 0
U 522 521 1 7 8
C 522 0 1.11073e-12 0 0
L 522 523 1.43102e-07 0 0
U 524 523 1 7 9
C 524 0 1.11073e-12 0 0
L 524 525 1.43102e-07 0 0
U 526 525 1 7 10
C 526 0 1.11073e-12 0 0
L 526 527 1.43102e-07 0 0
U 528 527 1 7 11
C 528 0 1.11073e-12 0 0
L 528 529 1.43102e-07 0 0
U 530 529 1 7 12
C 530 0 1.11073e-12 0 0
L 530 531 1.43102e-07 0 0
U 532 531 1 7 13
C 532 0 1.11073e-12 0 0
L 532 533 1.43102e-07 0 0
U 534 533 1 7 14
C 534 0 1.11073e-12 0 0
L 534 535 1.43102e-07 0 0
U 536 535 1 7 15
C 536 0 1.11073e-12 0 0
L 536 537 1.43102e-07 0 0
U 538 537 1 7 16
C 538 0 1.11073e-12 0 0
L 538 539 1.43102e-07 0 0
U 540 539 1 7 17
C 540 0 1.11073e-12 0 0
L 540 541 1.43102e-07 0 0
U 542 541 1 7 18
C 542 0 1.11073e-12 0 0
L 542 543 1.43102e-07 0 0
U 544 543 1 7 19
C 544 0 1.11073e-12 0 0
L 544 545 1.43102e-07 0 0
U 546 545 1 7 20
C 546 0 1.11073e-12 0 0
L 546 547 1.43102e-07 0 0
U 548 547 1 7 21
C 548 0 1.11073e-12 0 0
L 548 549 1.43102e-07 0 0
U 550 549 1 7 22
C 550 0 1.11073e-12 0 0
L 550 551 1.43102e-07 0 0
U 552 551 1 7 23
C 552 0 1.11073e-12 0 0
L 552 553 1.43102e-07 0 0
U 554 553 1 7 24
C 554 0 1.11073e-12 0 0
L 554 555 1.43102e-07 0 0
U 556 555 1 7 25
C 556 0 1.11073e-12 0 0
L 556 557 1.43102e-07 0 0
U 558 557 1 7 26
C 558 0 1.11073e-12 0 0
L 558 559 1.43102e-07 0 0
U 560 559 1 7 27
C 560 0 1.11073e-12 0 0
L 560 561 1.43102e-07 0 0
U 562 561 1 7 28
C 562 0 1.11073e-12 0 0
L 562 563 1.43102e-07 0 0
U 564 563 1 7 29
C 564 0 1.11073e-12 0 0
L 564 565 1.43102e-07 0 0
U 566 565 1 7 30
C 566 0 1.11073e-12 0 0
L 566 567 1.43102e-07 0 0
U 568 567 1 7 31
C 568 0 1.11073e-12 0 0
L 568 569 1.43102e-07 0 0
U 570 569 1 7 32
C 570 0 1.11073e-12 0 0
L 570 571 1.43102e-07 0 0
U 572 571 1 7 33
C 572 0 1.11073e-12 0 0
L 572 573 1.43102e-07 0 0
U 574 573 1 7 34
C 574 0 1.11073e-12 0 0
L 574 575 1.43102e-07 0 0
U 576 575 1 7 35
C 576 0 1.11073e-12 0 0
L 576 577 1.43102e-07 0 0
U 578 577 1 7 36
C 578 0 1.11073e-12 0 0
L 578 579 1.43102e-07 0 0
U 580 579 1 7 37
C 580 0 1.11073e-12 0 0
L 580 581 1.43102e-07 0 0
U 582 581 1 7 38
C 582 0 1.11073e-12 0 0
L 582 583 1.43102e-07 0 0
U 584 583 1 7 39
C 584 0 1.11073e-12 0 0
L 584 585 1.43102e-07 0 0
U 586 585 1 7 40
C 586 0 1.11073e-12 0 0
L 586 587 1.43102e-07 0 0
U 588 587 1 7 41
C 588 0 1.11073e-12 0 0
L 588 589 1.43102e-07 0 0
U 590 589 1 7 42
C 590 0 1.11073e-12 0 0
L 590 591 1.43102e-07 0 0
U 592 591 1 7 43
C 592 0 1.11073e-12 0 0
L 592 593 1.43102e-07 0 0
U 594 593 1 7 44
C 594 0 1.11073e-12 0 0
L 594 595 1.43102e-07 0 0
U 596 595 1 7 45
C 596 0 1.11073e-12 0 0
L 596 597 1.43102e-07 0 0
U 598 597 1 7 46
C 598 0 1.11073e-12 0 0
L 598 599 1.43102e-07 0 0
U 600 599 1 7 47
C 600 0 1.11073e-12 0 0
L 600 601 1.43102e-07 0 0
U 602 601 1 7 48
C 602 0 1.11073e-12 0 0
L 602 603 1.43102e-07 0 0
U 604 603 1 7 49
C 604 0 1.11073e-12 0 0
L 604 605 1.43102e-07 0 0
U 606 605 1 7 50
C 606 0 1.11073e-12 0 0
L 606 607 1.43102e-07 0 0
U 608 607 1 7 51
C 608 0 1.11073e-12 0 0
L 608 609 1.43102e-07 0 0
U 610 609 1 7 52
C 610 0 1.11073e-12 0 0
L 610 611 1.43102e-07 0 0
U 612 611 1 7 53
C 612 0 1.11073e-12 0 0
L 612 613 1.43102e-07 0 0
U 614 613 1 7 54
C 614 0 1.11073e-12 0 0
L 614 615 1.43102e-07 0 0
U 616 615 1 7 55
C 616 0 1.11073e-12 0 0
L 616 617 1.43102e-07 0 0
U 618 617 1 7 56
C 618 0 1.11073e-12 0 0
L 618 619 1.43102e-07 0 0
U 620 619 1 7 57
C 620 0 1.11073e-12 0 0
L 620 621 1.43102e-07 0 0
U 622 621 1 7 58
C 622 0 1.11073e-12 0 0
L 622 623 1.43102e-07 0 0
U 624 623 1 7 59
C 624 0 1.11073e-12 0 0
L 624 625 1.43102e-07 0 0
U 626 625 1 7 60
C 626 0 1.11073e-12 0 0
L 626 627 1.43102e-07 0 0
U 628 627 1 7 61
C 628 0 1.11073e-12 0 0
L 628 629 1.43102e-07 0 0
U 630 629 1 7 62
C 630 0 1.11073e-12 0 0
L 630 631 1.43102e-07 0 0
U 632 631 1 7 63
C 632 0 1.11073e-12 0 0
L 632 633 1.43102e-07 0 0
U 634 633 1 7 64
C 634 0 1.11073e-12 0 0
L 634 635 1.43102e-07 0 0
U 636 635 1 7 65
C 636 0 1.11073e-12 0 0
L 636 637 1.43102e-07 0 0
U 638 637 1 7 66
C 638 0 1.11073e-12 0 0
L 638 639 1.43102e-07 0 0
U 640 639 1 7 67
C 640 0 1.11073e-12 0 0
L 640 641 1.43102e-07 0 0
U 642 641 1 7 68
C 642 0 1.11073e-12 0 0
L 642 643 1.43102e-07 0 0
U 644 643 1 7 69
C 644 0 1.11073e-12 0 0
L 644 645 1.43102e-07 0 0
U 646 645 1 7 70
C 646 0 1.11073e-12 0 0
L 646 647 1.43102e-07 0 0
U 648 647 1 7 71
C 648 0 1.11073e-12 0 0
L 648 649 1.43102e-07 0 0
U 650 649 1 7 72
C 650 0 1.11073e-12 0 0
L 650 651 1.43102e-07 0 0
U 652 651 1 7 73
C 652 0 1.11073e-12 0 0
L 652 653 1.43102e-07 0 0
U 654 653 1 7 74
C 654 0 1.11073e-12 0 0
L 654 655 1.43102e-07 0 0
U 656 655 1 7 75
C 656 0 1.11073e-12 0 0
L 656 657 1.43102e-07 0 0
U 658 657 1 7 76
C 658 0 1.11073e-12 0 0
L 658 659 1.43102e-07 0 0
U 660 659 1 7 77
C 660 0 1.11073e-12 0 0
L 660 661 1.43102e-07 0 0
U 662 661 1 7 78
C 662 0 1.11073e-12 0 0
L 662 663 1.43102e-07 0 0
U 664 663 1 7 79
C 664 0 1.11073e-12 0 0
L 664 665 1.43102e-07 0 0
U 666 665 1 7 80
C 666 0 1.11073e-12 0 0
L 666 667 1.43102e-07 0 0
U 668 667 1 7 81
C 668 0 1.11073e-12 0 0
L 668 669 1.43102e-07 0 0
U 670 669 1 7 82
C 670 0 1.11073e-12 0 0
L 670 671 1.43102e-07 0 0
U 672 671 1 7 83
C 672 0 1.11073e-12 0 0
L 672 673 1.43102e-07 0 0
U 674 673 1 7 84
C 674 0 1.11073e-12 0 0
L 674 675 1.43102e-07 0 0
U 676 675 1 7 85
C 676 0 1.11073e-12 0 0
L 676 677 1.43102e-07 0 0
U 678 677 1 7 86
C 678 0 1.11073e-12 0 0
L 678 679 1.43102e-07 0 0
U 680 679 1 7 87
C 680 0 1.11073e-12 0 0
L 680 681 1.43102e-07 0 0
U 682 681 1 7 88
C 682 0 1.11073e-12 0 0
L 682 683 1.43102e-07 0 0
U 684 683 1 7 89
C 684 0 1.11073e-12 0 0
L 684 685 1.43102e-07 0 0
U 686 685 1 7 90
C 686 0 1.11073e-12 0 0
L 686 687 1.43102e-07 0 0
U 688 687 1 7 91
C 688 0 1.11073e-12 0 0
L 688 689 1.43102e-07 0 0
U 690 689 1 7 92
C 690 0 1.11073e-12 0 0
L 690 691 1.43102e-07 0 0
U 692 691 1 7 93
C 692 0 1.11073e-12 0 0
L 692 693 1.43102e-07 0 0
U 694 693 1 7 94
C 694 0 1.11073e-12 0 0
L 694 695 1.43102e-07 0 0
U 696 695 1 7 95
C 696 0 1.11073e-12 0 0
L 696 697 1.43102e-07 0 0
U 698 697 1 7 96
C 698 0 1.11073e-12 0 0
L 698 699 1.43102e-07 0 0
U 700 699 1 7 97
C 700 0 1.11073e-12 0 0
L 700 701 1.43102e-07 0 0
U 702 701 1 7 98
C 702 0 1.11073e-12 0 0
L 702 703 1.43102e-07 0 0
U 704 703 1 7 99
C 704 0 1.11073e-12 0 0
L 704 705 1.43102e-07 0 0
U 706 705 1 7 100
C 706 0 1.11073e-12 0 0
L 706 707 1.43102e-07 0 0
U 708 707 1 7 101
C 708 0 1.11073e-12 0 0
L 708 709 1.43102e-07 0 0
U 710 709 1 7 102
C 710 0 1.11073e-12 0 0
L 710 711 1.43102e-07 0 0
U 712 711 1 7 103
C 712 0 1.11073e-12 0 0
L 712 713 1.43102e-07 0 0
U 714 713 1 7 104
C 714 0 1.11073e-12 0 0
L 714 715 1.43102e-07 0 0
U 716 715 1 7 105
C 716 0 1.11073e-12 0 0
L 716 717 1.43102e-07 0 0
U 718 717 1 7 106
C 718 0 1.11073e-12 0 0
L 718 719 1.43102e-07 0 0
U 720 719 1 7 107
C 720 0 1.11073e-12 0 0
L 720 721 1.43102e-07 0 0
U 722 721 1 7 108
C 722 0 1.11073e-12 0 0
L 722 723 1.43102e-07 0 0
U 724 723 1 7 109
C 724 0 1.11073e-12 0 0
L 724 725 1.43102e-07 0 0
U 726 725 1 7 110
C 726 0 1.11073e-12 0 0
L 726 727 1.43102e-07 0 0
U 728 727 1 7 111
C 728 0 1.11073e-12 0 0
L 728 729 1.43102e-07 0 0
U 730 729 1 7 112
C 730 0 1.11073e-12 0 0
L 730 731 1.43102e-07 0 0
U 732 731 1 7 113
C 732 0 1.11073e-12 0 0
L 732 733 1.43102e-07 0 0
U 734 733 1 7 114
C 734 0 1.11073e-12 0 0
L 734 735 1.43102e-07 0 0
U 736 735 1 7 115
C 736 0 1.11073e-12 0 0
L 736 737 1.43102e-07 0 0
U 738 737 1 7 116
C 738 0 1.11073e-12 0 0
L 738 739 1.43102e-07 0 0
U 740 739 1 7 117
C 740 0 1.11073e-12 0 0
L 740 741 1.43102e-07 0 0
U 742 741 1 7 118
C 742 0 1.11073e-12 0 0
L 742 743 1.43102e-07 0 0
U 744 743 1 7 119
C 744 0 1.11073e-12 0 0
L 744 745 1.43102e-07 0 0
U 746 745 1 7 120
C 746 0 1.11073e-12 0 0
L 746 747 1.43102e-07 0 0
U 748 747 1 7 121
C 748 0 1.11073e-12 0 0
L 748 749 1.43102e-07 0 0
U 750 749 1 7 122
C 750 0 1.11073e-12 0 0
L 750 751 1.43102e-07 0 0
U 752 751 1 7 123
C 752 0 1.11073e-12 0 0
L 752 753 1.43102e-07 0 0
U 754 753 1 7 124
C 754 0 1.11073e-12 0 0
L 754 755 1.43102e-07 0 0
U 756 755 1 7 125
C 756 0 1.11073e-12 0 0
L 756 757 1.43102e-07 0 0
U 758 757 1 7 126
C 758 0 1.11073e-12 0 0
L 758 759 1.43102e-07 0 0
U 760 759 1 7 127
C 760 0 1.11073e-12 0 0
L 760 761 1.43102e-07 0 0
U 762 761 1 7 128
C 762 0 1.11073e-12 0 0
L 762 763 1.43102e-07 0 0
U 764 763 1 7 129
C 764 0 1.11073e-12 0 0
L 764 765 1.43102e-07 0 0
U 766 765 1 7 130
C 766 0 1.11073e-12 0 0
L 766 767 1.43102e-07 0 0
U 768 767 1 7 131
C 768 0 1.11073e-12 0 0
L 768 769 1.43102e-07 0 0
U 770 769 1 7 132
C 770 0 1.11073e-12 0 0
L 770 771 1.43102e-07 0 0
U 772 771 1 7 133
C 772 0 1.11073e-12 0 0
L 772 773 1.43102e-07 0 0
U 774 773 1 7 134
C 774 0 1.11073e-12 0 0
L 774 775 1.43102e-07 0 0
U 776 775 1 7 135
C 776 0 1.11073e-12 0 0
L 776 777 1.43102e-07 0 0
U 778 777 1 7 136
C 778 0 1.11073e-12 0 0
L 778 779 1.43102e-07 0 0
U 780 779 1 7 137
C 780 0 1.11073e-12 0 0
L 780 781 1.43102e-07 0 0
U 782 781 1 7 138
C 782 0 1.11073e-12 0 0
L 782 783 1.43102e-07 0 0
U 784 783 1 7 139
C 784 0 1.11073e-12 0 0
L 784 785 1.43102e-07 0 0
U 786 785 1 7 140
C 786 0 1.11073e-12 0 0
L 786 787 1.43102e-07 0 0
U 788 787 1 7 141
C 788 0 1.11073e-12 0 0
L 788 789 1.43102e-07 0 0
U 790 789 1 7 142
C 790 0 1.11073e-12 0 0
L 790 791 1.43102e-07 0 0
U 792 791 1 7 143
C 792 0 1.11073e-12 0 0
L 792 793 1.43102e-07 0 0
U 794 793 1 7 144
C 794 0 1.11073e-12 0 0
L 794 795 1.43102e-07 0 0
U 796 795 1 7 145
C 796 0 1.11073e-12 0 0
L 796 797 1.43102e-07 0 0
U 798 797 1 7 146
C 798 0 1.11073e-12 0 0
L 798 799 1.43102e-07 0 0
U 800 799 1 7 147
C 800 0 1.11073e-12 0 0
L 800 801 1.43102e-07 0 0
U 802 801 1 7 148
C 802 0 1.11073e-12 0 0
L 802 803 1.43102e-07 0 0
U 804 803 1 7 149
C 804 0 1.11073e-12 0 0
L 804 805 1.43102e-07 0 0
U 806 805 1 7 150
C 806 0 1.11073e-12 0 0
L 806 807 1.43102e-07 0 0
U 808 807 1 7 151
C 808 0 1.11073e-12 0 0
L 808 809 1.43102e-07 0 0
U 810 809 1 7 152
C 810 0 1.11073e-12 0 0
L 810 811 1.43102e-07 0 0
U 812 811 1 7 153
C 812 0 1.11073e-12 0 0
L 812 813 1.43102e-07 0 0
U 814 813 1 7 154
C 814 0 1.11073e-12 0 0
L 814 815 1.43102e-07 0 0
U 816 815 1 7 155
C 816 0 1.11073e-12 0 0
L 816 817 1.43102e-07 0 0
U 818 817 1 7 156
C 818 0 1.11073e-12 0 0
L 818 819 1.43102e-07 0 0
U 820 819 1 7 157
C 820 0 1.11073e-12 0 0
L 820 821 1.43102e-07 0 0
U 822 821 1 7 158
C 822 0 1.11073e-12 0 0
L 822 823 1.43102e-07 0 0
U 824 823 1 7 159
C 824 0 1.11073e-12 0 0
L 824 825 1.43102e-07 0 0
U 826 825 1 7 160
C 826 0 1.11073e-12 0 0
L 826 827 1.43102e-07 0 0
U 828 827 1 7 161
C 828 0 1.11073e-12 0 0
L 828 829 1.43102e-07 0 0
U 830 829 1 7 162
C 830 0 1.11073e-12 0 0
L 830 831 1.43102e-07 0 0
U 832 831 1 7 163
C 832 0 1.11073e-12 0 0
L 832 833 1.43102e-07 0 0
U 834 833 1 7 164
C 834 0 1.11073e-12 0 0
L 834 835 1.43102e-07 0 0
U 836 835 1 7 165
C 836 0 1.11073e-12 0 0
L 836 837 1.43102e-07 0 0
U 838 837 1 7 166
C 838 0 1.11073e-12 0 0
L 838 839 1.43102e-07 0 0
U 840 839 1 7 167
C 840 0 1.11073e-12 0 0
L 840 841 1.43102e-07 0 0
U 842 841 1 7 168
C 842 0 1.11073e-12 0 0
L 842 843 1.43102e-07 0 0
U 844 843 1 7 169
C 844 0 1.11073e-12 0 0
L 844 845 1.43102e-07 0 0
U 846 845 1 7 170
C 846 0 1.11073e-12 0 0
L 846 847 1.43102e-07 0 0
U 848 847 1 7 171
C 848 0 1.11073e-12 0 0
L 848 849 1.43102e-07 0 0
U 850 849 1 7 172
C 850 0 1.11073e-12 0 0
L 850 851 1.43102e-07 0 0
U 852 851 1 7 173
C 852 0 1.11073e-12 0 0
L 852 853 1.43102e-07 0 0
U 854 853 1 7 174
C 854 0 1.11073e-12 0 0
L 854 855 1.43102e-07 0 0
U 856 855 1 7 175
C 856 0 1.11073e-12 0 0
L 856 857 1.43102e-07 0 0
U 858 857 1 7 176
C 858 0 1.11073e-12 0 0
L 858 859 1.43102e-07 0 0
U 860 859 1 7 177
C 860 0 1.11073e-12 0 0
L 860 861 1.43102e-07 0 0
U 862 861 1 7 178
C 862 0 1.11073e-12 0 0
L 862 863 1.43102e-07 0 0
U 864 863 1 7 179
C 864 0 1.11073e-12 0 0
L 864 865 1.43102e-07 0 0
U 866 865 1 7 180
C 866 0 1.11073e-12 0 0
L 866 867 1.43102e-07 0 0
U 868 867 1 7 181
C 868 0 1.11073e-12 0 0
L 868 869 1.43102e-07 0 0
U 870 869 1 7 182
C 870 0 1.11073e-12 0 0
L 870 871 1.43102e-07 0 0
U 872 871 1 7 183
C 872 0 1.11073e-12 0 0
L 872 873 1.43102e-07 0 0
U 874 873 1 7 184
C 874 0 1.11073e-12 0 0
L 874 875 1.43102e-07 0 0
U 876 875 1 7 185
C 876 0 1.11073e-12 0 0
L 876 877 1.43102e-07 0 0
U 878 877 1 7 186
C 878 0 1.11073e-12 0 0
L 878 879 1.43102e-07 0 0
U 880 879 1 7 187
C 880 0 1.11073e-12 0 0
L 880 881 1.43102e-07 0 0
U 882 881 1 7 188
C 882 0 1.11073e-12 0 0
L 882 883 1.43102e-07 0 0
U 884 883 1 7 189
C 884 0 1.11073e-12 0 0
L 884 885 1.43102e-07 0 0
U 886 885 1 7 190
C 886 0 1.11073e-12 0 0
L 886 887 1.43102e-07 0 0
U 888 887 1 7 191
C 888 0 1.11073e-12 0 0
L 888 889 1.43102e-07 0 0
U 890 889 1 7 192
C 890 0 1.11073e-12 0 0
L 890 891 1.43102e-07 0 0
U 892 891 1 7 193
C 892 0 1.11073e-12 0 0
L 892 893 1.43102e-07 0 0
U 894 893 1 7 194
C 894 0 1.11073e-12 0 0
L 894 895 1.43102e-07 0 0
U 896 895 1 7 195
C 896 0 1.11073e-12 0 0
L 896 897 1.43102e-07 0 0
U 898 897 1 7 196
C 898 0 1.11073e-12 0 0
L 898 899 1.43102e-07 0 0
U 900 899 1 7 197
C 900 0 1.11073e-12 0 0
L 900 901 1.43102e-07 0 0
U 902 901 1 7 198
C 902 0 1.11073e-12 0 0
L 902 903 1.43102e-07 0 0
U 904 903 1 7 199
C 904 0 1.11073e-12 0 0
L 904 905 1.43102e-07 0 0
U 906 905 1 7 200
C 906 0 1.11073e-12 0 0
L 906 907 1.43102e-07 0 0
U 908 907 1 7 201
C 908 0 1.11073e-12 0 0
L 908 909 1.43102e-07 0 0
U 910 909 1 7 202
C 910 0 1.11073e-12 0 0
L 910 911 1.43102e-07 0 0
U 912 911 1 7 203
C 912 0 1.11073e-12 0 0
L 912 913 1.43102e-07 0 0
U 914 913 1 7 204
C 914 0 1.11073e-12 0 0
L 914 915 1.43102e-07 0 0
U 916 915 1 7 205
C 916 0 1.11073e-12 0 0
L 916 917 1.43102e-07 0 0
U 918 917 1 7 206
C 918 0 1.11073e-12 0 0
L 918 919 1.43102e-07 0 0
U 920 919 1 7 207
C 920 0 1.11073e-12 0 0
L 920 921 1.43102e-07 0 0
U 922 921 1 7 208
C 922 0 1.11073e-12 0 0
L 922 923 1.43102e-07 0 0
U 924 923 1 7 209
C 924 0 1.11073e-12 0 0
L 924 925 1.43102e-07 0 0
U 926 925 1 7 210
C 926 0 1.11073e-12 0 0
L 926 927 1.43102e-07 0 0
U 928 927 1 7 211
C 928 0 1.11073e-12 0 0
L 928 929 1.43102e-07 0 0
U 930 929 1 7 212
C 930 0 1.11073e-12 0 0
L 930 931 1.43102e-07 0 0
U 932 931 1 7 213
C 932 0 1.11073e-12 0 0
L 932 933 1.43102e-07 0 0
U 934 933 1 7 214
C 934 0 1.11073e-12 0 0
L 934 935 1.43102e-07 0 0
U 936 935 1 7 215
C 936 0 1.11073e-12 0 0
L 936 937 1.43102e-07 0 0
U 938 937 1 7 216
C 938 0 1.11073e-12 0 0
L 938 939 1.43102e-07 0 0
U 940 939 1 7 217
C 940 0 1.11073e-12 0 0
L 940 941 1.43102e-07 0 0
U 942 941 1 7 218
C 942 0 1.11073e-12 0 0
L 942 943 1.43102e-07 0 0
U 944 943 1 7 219
C 944 0 1.11073e-12 0 0
L 944 945 1.43102e-07 0 0
U 946 945 1 7 220
C 946 0 1.11073e-12 0 0
L 946 947 1.43102e-07 0 0
U 948 947 1 7 221
C 948 0 1.11073e-12 0 0
L 948 949 1.43102e-07 0 0
U 950 949 1 7 222
C 950 0 1.11073e-12 0 0
L 950 951 1.43102e-07 0 0
U 952 951 1 7 223
C 952 0 1.11073e-12 0 0
L 952 953 1.43102e-07 0 0
U 954 953 1 7 224
C 954 0 1.11073e-12 0 0
L 954 955 1.43102e-07 0 0
U 956 955 1 7 225
C 956 0 1.11073e-12 0 0
L 956 957 1.43102e-07 0 0
U 958 957 1 7 226
C 958 0 1.11073e-12 0 0
L 958 959 1.43102e-07 0 0
U 960 959 1 7 227
C 960 0 1.11073e-12 0 0
L 960 961 1.43102e-07 0 0
U 962 961 1 7 228
C 962 0 1.11073e-12 0 0
L 962 963 1.43102e-07 0 0
U 964 963 1 7 229
C 964 0 1.11073e-12 0 0
L 964 965 1.43102e-07 0 0
U 966 965 1 7 230
C 966 0 1.11073e-12 0 0
L 966 967 1.43102e-07 0 0
U 968 967 1 7 231
C 968 0 1.11073e-12 0 0
L 968 969 1.43102e-07 0 0
U 970 969 1 7 232
C 970 0 1.11073e-12 0 0
L 970 971 1.43102e-07 0 0
U 972 971 1 7 233
C 972 0 1.11073e-12 0 0
L 972 973 1.43102e-07 0 0
U 974 973 1 7 234
C 974 0 1.11073e-12 0 0
L 974 975 1.43102e-07 0 0
U 976 975 1 7 235
C 976 0 1.11073e-12 0 0
L 976 977 1.43102e-07 0 0
U 978 977 1 7 236
C 978 0 1.11073e-12 0 0
L 978 979 1.43102e-07 0 0
U 980 979 1 7 237
C 980 0 1.11073e-12 0 0
L 980 981 1.43102e-07 0 0
U 982 981 1 7 238
C 982 0 1.11073e-12 0 0
L 982 983 1.43102e-07 0 0
U 984 983 1 7 239
C 984 0 1.11073e-12 0 0
L 984 985 1.43102e-07 0 0
U 986 985 1 7 240
C 986 0 1.11073e-12 0 0
L 986 987 1.43102e-07 0 0
U 988 987 1 7 241
C 988 0 1.11073e-12 0 0
L 988 989 1.43102e-07 0 0
U 990 989 1 7 242
C 990 0 1.11073e-12 0 0
L 990 991 1.43102e-07 0 0
U 992 991 1 7 243
C 992 0 1.11073e-12 0 0
L 992 993 1.43102e-07 0 0
U 994 993 1 7 244
C 994 0 1.11073e-12 0 0
L 994 995 1.43102e-07 0 0
U 996 995 1 7 245
C 996 0 1.11073e-12 0 0
L 996 997 1.43102e-07 0 0
U 998 997 1 7 246
C 998 0 1.11073e-12 0 0
L 998 999 1.43102e-07 0 0
U 1000 999 1 7 247
C 1000 0 1.11073e-12 0 0
L 1000 1001 1.43102e-07 0 0
U 1002 1001 1 7 248
C 1002 0 1.11073e-12 0 0
L 1002 1003 1.43102e-07 0 0
U 1004 1003 1 7 249
C 1004 0 1.11073e-12 0 0
L 1004 1005 1.43102e-07 0 0
U 1006 1005 1 7 250
C 1006 0 1.11073e-12 0 0
L 1006 1007 1.43102e-07 0 0
U 1008 1007 1 7 251
C 1008 0 1.11073e-12 0 0
U 1008 1009 1 8 504
R 1009 0 179.469 0 0
