   0.0000000e+00   7.5041879e-02
   4.0000000e-04  -5.3340379e-01
   8.0000000e-04  -1.1475618e+00
   1.2000000e-03  -1.6336246e+00
   1.6000000e-03  -2.0388134e+00
   2.0000000e-03  -2.3604710e+00
   2.4000000e-03  -2.6306425e+00
   2.8000000e-03  -2.8488919e+00
   3.2000000e-03  -3.0310442e+00
   3.6000000e-03  -3.1779363e+00
   4.0000000e-03  -3.3004825e+00
   4.4000000e-03  -3.3988128e+00
   4.8000000e-03  -3.4806915e+00
   5.2000000e-03  -3.5458163e+00
   5.6000000e-03  -3.5999359e+00
   6.0000000e-03  -3.6423743e+00
   6.4000000e-03  -3.6775278e+00
   6.8000000e-03  -3.7044720e+00
   7.2000000e-03  -3.7266656e+00
   7.6000000e-03  -3.7430325e+00
   8.0000000e-03  -3.7563694e+00
   8.4000000e-03  -3.7655197e+00
   8.8000000e-03  -3.7728042e+00
   9.2000000e-03  -3.7770344e+00
   9.6000000e-03  -3.7801831e+00
   1.0000000e-02  -3.7810624e+00
   1.0400000e-02  -3.7813857e+00
   1.0800000e-02  -3.7799858e+00
   1.1200000e-02  -3.7783797e+00
   1.2000000e-02  -3.7725099e+00
   1.2400000e-02  -3.7685155e+00
   1.2800000e-02  -3.7646954e+00
   1.3200000e-02  -3.7599949e+00
   1.3600000e-02  -3.7555641e+00
   1.4000000e-02  -3.7503902e+00
   1.4400000e-02  -3.7455451e+00
   1.4800000e-02  -3.7400567e+00
   1.5200000e-02  -3.7349317e+00
   1.5600000e-02  -3.7292370e+00
   1.6000000e-02  -3.7239242e+00
   1.6400000e-02  -3.7180968e+00
   1.6800000e-02  -3.7126595e+00
   1.7200000e-02  -3.7067496e+00
   1.7600000e-02  -3.7012309e+00
   1.8000000e-02  -3.6952727e+00
   1.8400000e-02  -3.6897025e+00
   1.8800000e-02  -3.6837190e+00
   1.9200000e-02  -3.6781177e+00
   1.9600000e-02  -3.6721245e+00
   2.0000000e-02  -3.6665063e+00
   2.0400000e-02  -3.6605140e+00
   2.0800000e-02  -3.6548885e+00
   2.1200000e-02  -3.6489042e+00
   2.1600000e-02  -3.6432783e+00
   2.2000000e-02  -3.6373066e+00
   2.2400000e-02  -3.6316849e+00
   2.2800000e-02  -3.6257290e+00
   2.3200000e-02  -3.6201148e+00
   2.3600000e-02  -3.6141766e+00
   2.4000000e-02  -3.6085722e+00
   2.4400000e-02  -3.6026532e+00
   2.4800000e-02  -3.5970602e+00
   2.5200000e-02  -3.5911610e+00
   2.5600000e-02  -3.5855806e+00
   2.6000000e-02  -3.5797017e+00
   2.6400000e-02  -3.5741347e+00
   2.6800000e-02  -3.5682764e+00
   2.7200000e-02  -3.5627234e+00
   2.7600000e-02  -3.5568857e+00
   2.8000000e-02  -3.5513473e+00
   2.8400000e-02  -3.5455302e+00
   2.8800000e-02  -3.5400065e+00
   2.9200000e-02  -3.5342101e+00
   2.9600000e-02  -3.5287014e+00
   3.0000000e-02  -3.5229254e+00
   3.0400000e-02  -3.5174321e+00
   3.0800000e-02  -3.5116764e+00
   3.1200000e-02  -3.5061985e+00
   3.1600000e-02  -3.5004630e+00
   3.2000000e-02  -3.4950006e+00
   3.2400000e-02  -3.4892852e+00
   3.2800000e-02  -3.4838383e+00
   3.3200000e-02  -3.4781428e+00
   3.3600000e-02  -3.4727117e+00
   3.4000000e-02  -3.4670360e+00
   3.4400000e-02  -3.4616206e+00
   3.4800000e-02  -3.4559645e+00
   3.5200000e-02  -3.4505649e+00
   3.5600000e-02  -3.4449283e+00
   3.6000000e-02  -3.4395445e+00
   3.6400000e-02  -3.4339272e+00
   3.6800000e-02  -3.4285594e+00
   3.7200000e-02  -3.4229613e+00
   3.7600000e-02  -3.4176093e+00
   3.8000000e-02  -3.4120303e+00
   3.8400000e-02  -3.4066942e+00
   3.8800000e-02  -3.4011342e+00
   3.9200000e-02  -3.3958140e+00
   3.9600000e-02  -3.3902728e+00
   4.0000000e-02  -3.3849686e+00
   4.0400000e-02  -3.3794461e+00
   4.0800000e-02  -3.3741579e+00
   4.1200000e-02  -3.3686540e+00
   4.1600000e-02  -3.3633817e+00
   4.2000000e-02  -3.3578963e+00
   4.2400000e-02  -3.3526399e+00
   4.2800000e-02  -3.3471729e+00
   4.3200000e-02  -3.3419325e+00
   4.3600000e-02  -3.3364838e+00
   4.4000000e-02  -3.3312592e+00
   4.4400000e-02  -3.3258287e+00
   4.4800000e-02  -3.3206201e+00
   4.5200000e-02  -3.3152077e+00
   4.5600000e-02  -3.3100150e+00
   4.6000000e-02  -3.3046206e+00
   4.6400000e-02  -3.2994437e+00
   4.6800000e-02  -3.2940672e+00
   4.7200000e-02  -3.2889063e+00
   4.7600000e-02  -3.2835476e+00
   4.8000000e-02  -3.2784025e+00
   4.8400000e-02  -3.2730615e+00
   4.8800000e-02  -3.2679323e+00
   4.9200000e-02  -3.2626089e+00
   4.9600000e-02  -3.2574955e+00
   5.0000000e-02  -3.2521897e+00
   5.0400000e-02  -3.2470920e+00
   5.0800000e-02  -3.2418037e+00
   5.1200000e-02  -3.2367218e+00
   5.1600000e-02  -3.2314509e+00
   5.2000000e-02  -3.2263848e+00
   5.2400000e-02  -3.2211312e+00
   5.2800000e-02  -3.2160807e+00
   5.3200000e-02  -3.2108443e+00
   5.3600000e-02  -3.2058096e+00
   5.4000000e-02  -3.2005904e+00
   5.4400000e-02  -3.1955713e+00
   5.4800000e-02  -3.1903691e+00
   5.5200000e-02  -3.1853657e+00
   5.5600000e-02  -3.1801805e+00
   5.6000000e-02  -3.1751927e+00
   5.6400000e-02  -3.1700245e+00
   5.6800000e-02  -3.1650522e+00
   5.7200000e-02  -3.1599008e+00
   5.7600000e-02  -3.1549441e+00
   5.8000000e-02  -3.1498095e+00
   5.8400000e-02  -3.1448682e+00
   5.8800000e-02  -3.1397504e+00
   5.9200000e-02  -3.1348246e+00
   5.9600000e-02  -3.1297234e+00
   6.0000000e-02  -3.1248130e+00
   6.0400000e-02  -3.1197284e+00
   6.0800000e-02  -3.1148335e+00
   6.1200000e-02  -3.1097654e+00
   6.1600000e-02  -3.1048858e+00
   6.2000000e-02  -3.0998341e+00
   6.2400000e-02  -3.0949699e+00
   6.2800000e-02  -3.0899346e+00
   6.3200000e-02  -3.0850856e+00
   6.3600000e-02  -3.0800666e+00
   6.4000000e-02  -3.0752329e+00
   6.4400000e-02  -3.0702302e+00
   6.4800000e-02  -3.0654117e+00
   6.5200000e-02  -3.0604252e+00
   6.5600000e-02  -3.0556219e+00
   6.6000000e-02  -3.0506515e+00
   6.6400000e-02  -3.0458634e+00
   6.6800000e-02  -3.0409090e+00
   6.7200000e-02  -3.0361360e+00
   6.7600000e-02  -3.0311976e+00
   6.8000000e-02  -3.0264396e+00
   6.8400000e-02  -3.0215172e+00
   7.1600000e-02  -2.9831038e+00
   7.4800000e-02  -2.9451787e+00
   7.5200000e-02  -2.9405547e+00
   7.5600000e-02  -2.9357730e+00
   7.6000000e-02  -2.9311636e+00
   7.6400000e-02  -2.9263973e+00
   7.6800000e-02  -2.9218026e+00
   7.7200000e-02  -2.9170516e+00
   7.7600000e-02  -2.9124715e+00
   7.8000000e-02  -2.9077357e+00
   7.8800000e-02  -2.8984495e+00
   7.9200000e-02  -2.8938985e+00
   8.0400000e-02  -2.8799661e+00
   8.0800000e-02  -2.8754440e+00
   8.1200000e-02  -2.8707686e+00
   8.1600000e-02  -2.8662610e+00
   8.2800000e-02  -2.8524617e+00
   8.3200000e-02  -2.8479827e+00
   8.4400000e-02  -2.8342715e+00
   8.6800000e-02  -2.8072035e+00
   8.7200000e-02  -2.8027955e+00
   8.8400000e-02  -2.7893019e+00
   9.0800000e-02  -2.7626633e+00
   9.1200000e-02  -2.7583254e+00
   9.2400000e-02  -2.7450457e+00
   9.4800000e-02  -2.7188297e+00
   9.5200000e-02  -2.7145608e+00
   9.6400000e-02  -2.7014916e+00
   9.8800000e-02  -2.6756916e+00
   9.9200000e-02  -2.6714907e+00
   1.0040000e-01  -2.6586286e+00
   1.0280000e-01  -2.6332379e+00
   1.0320000e-01  -2.6291040e+00
   1.0440000e-01  -2.6164456e+00
   1.0680000e-01  -2.5914577e+00
   1.0720000e-01  -2.5873898e+00
   1.0840000e-01  -2.5749318e+00
   1.1080000e-01  -2.5503404e+00
   1.1120000e-01  -2.5463375e+00
   1.1240000e-01  -2.5340767e+00
   1.1480000e-01  -2.5098754e+00
   1.1520000e-01  -2.5059366e+00
   1.1640000e-01  -2.4938698e+00
   1.1880000e-01  -2.4700525e+00
   1.1920000e-01  -2.4661768e+00
   1.2040000e-01  -2.4543007e+00
   1.2280000e-01  -2.4308613e+00
   1.2520000e-01  -2.4076457e+00
   1.2760000e-01  -2.3846519e+00
   1.2920000e-01  -2.3694447e+00
   1.3160000e-01  -2.3468157e+00
   1.3320000e-01  -2.3318498e+00
   1.3560000e-01  -2.3095798e+00
   1.3720000e-01  -2.2948514e+00
   1.3960000e-01  -2.2729346e+00
   1.4200000e-01  -2.2512272e+00
   1.4440000e-01  -2.2297271e+00
   1.4600000e-01  -2.2155079e+00
   1.4840000e-01  -2.1943489e+00
   1.5080000e-01  -2.1733920e+00
   1.5320000e-01  -2.1526352e+00
   1.5560000e-01  -2.1320767e+00
   1.5800000e-01  -2.1117145e+00
   1.6040000e-01  -2.0915467e+00
   1.6280000e-01  -2.0715715e+00
   1.6440000e-01  -2.0583608e+00
   1.6680000e-01  -2.0387026e+00
   1.6920000e-01  -2.0192320e+00
   1.7160000e-01  -1.9999475e+00
   1.7400000e-01  -1.9808470e+00
   1.7640000e-01  -1.9619290e+00
   1.7880000e-01  -1.9431917e+00
   1.8120000e-01  -1.9246332e+00
   1.8360000e-01  -1.9062521e+00
   1.8600000e-01  -1.8880464e+00
   1.8840000e-01  -1.8700146e+00
   1.9080000e-01  -1.8521550e+00
   1.9320000e-01  -1.8344659e+00
   1.9560000e-01  -1.8169458e+00
   1.9800000e-01  -1.7995929e+00
   2.0040000e-01  -1.7824058e+00
   2.0280000e-01  -1.7653828e+00
   2.0400000e-01  -1.7570057e+00
   2.0440000e-01  -1.7541245e+00
   2.0480000e-01  -1.7513947e+00
   2.0520000e-01  -1.7485224e+00
   2.0640000e-01  -1.7402264e+00
   2.0680000e-01  -1.7373716e+00
   2.0720000e-01  -1.7346690e+00
   2.0760000e-01  -1.7318229e+00
   2.0880000e-01  -1.7236074e+00
   2.0920000e-01  -1.7207786e+00
   2.0960000e-01  -1.7181031e+00
   2.1000000e-01  -1.7152829e+00
   2.1120000e-01  -1.7071471e+00
   2.1160000e-01  -1.7043441e+00
   2.1200000e-01  -1.7016954e+00
   2.1240000e-01  -1.6989009e+00
   2.1360000e-01  -1.6908441e+00
   2.1400000e-01  -1.6880665e+00
   2.1440000e-01  -1.6854444e+00
   2.1480000e-01  -1.6826752e+00
   2.1600000e-01  -1.6746967e+00
   2.1640000e-01  -1.6719443e+00
   2.1680000e-01  -1.6693486e+00
   2.1720000e-01  -1.6666046e+00
   2.1840000e-01  -1.6587036e+00
   2.1880000e-01  -1.6559761e+00
   2.1920000e-01  -1.6534066e+00
   2.1960000e-01  -1.6506873e+00
   2.2080000e-01  -1.6428633e+00
   2.2120000e-01  -1.6401603e+00
   2.2160000e-01  -1.6376169e+00
   2.2200000e-01  -1.6349221e+00
   2.2320000e-01  -1.6271743e+00
   2.2360000e-01  -1.6244956e+00
   2.2400000e-01  -1.6219780e+00
   2.2440000e-01  -1.6193073e+00
   2.2560000e-01  -1.6116352e+00
   2.2600000e-01  -1.6089804e+00
   2.2640000e-01  -1.6064885e+00
   2.2680000e-01  -1.6038417e+00
   2.2800000e-01  -1.5962445e+00
   2.2840000e-01  -1.5936134e+00
   2.2880000e-01  -1.5911470e+00
   2.2920000e-01  -1.5885237e+00
   2.2960000e-01  -1.5860658e+00
   2.3000000e-01  -1.5834502e+00
   2.3120000e-01  -1.5759521e+00
   2.3160000e-01  -1.5733519e+00
   2.3200000e-01  -1.5709194e+00
   2.3240000e-01  -1.5683269e+00
   2.3360000e-01  -1.5609023e+00
   2.3400000e-01  -1.5583250e+00
   2.3440000e-01  -1.5559177e+00
   2.3480000e-01  -1.5533480e+00
   2.3600000e-01  -1.5459963e+00
   2.3640000e-01  -1.5434416e+00
   2.3680000e-01  -1.5410593e+00
   2.3720000e-01  -1.5385121e+00
   2.3840000e-01  -1.5312327e+00
   2.3880000e-01  -1.5287002e+00
   2.3920000e-01  -1.5263429e+00
   2.3960000e-01  -1.5238177e+00
   2.4000000e-01  -1.5214688e+00
   2.4040000e-01  -1.5189509e+00
   2.4080000e-01  -1.5166102e+00
   2.4120000e-01  -1.5140995e+00
   2.4160000e-01  -1.5117671e+00
   2.4200000e-01  -1.5092637e+00
   2.4240000e-01  -1.5069395e+00
   2.4280000e-01  -1.5044432e+00
   2.4320000e-01  -1.5021274e+00
   2.4360000e-01  -1.4996382e+00
   2.4400000e-01  -1.4973306e+00
   2.4440000e-01  -1.4948485e+00
   2.4480000e-01  -1.4925492e+00
   2.4520000e-01  -1.4900741e+00
   2.4560000e-01  -1.4877830e+00
   2.4600000e-01  -1.4853149e+00
   2.4640000e-01  -1.4830321e+00
   2.4680000e-01  -1.4805709e+00
   2.4720000e-01  -1.4782963e+00
   2.4760000e-01  -1.4758421e+00
   2.4800000e-01  -1.4735757e+00
   2.4840000e-01  -1.4711283e+00
   2.4880000e-01  -1.4688702e+00
   2.4920000e-01  -1.4664296e+00
   2.4960000e-01  -1.4641797e+00
   2.5000000e-01  -1.4617459e+00
   2.5040000e-01  -1.4595042e+00
   2.5080000e-01  -1.4570771e+00
   2.5120000e-01  -1.4548437e+00
   2.5160000e-01  -1.4524232e+00
   2.5200000e-01  -1.4501981e+00
   2.5240000e-01  -1.4477841e+00
   2.5280000e-01  -1.4455673e+00
   2.5320000e-01  -1.4431599e+00
   2.5360000e-01  -1.4409513e+00
   2.5400000e-01  -1.4385504e+00
   2.5440000e-01  -1.4363501e+00
   2.5480000e-01  -1.4339556e+00
   2.5520000e-01  -1.4317636e+00
   2.5560000e-01  -1.4293755e+00
   2.5600000e-01  -1.4271917e+00
   2.5640000e-01  -1.4248099e+00
   2.5680000e-01  -1.4226345e+00
   2.5720000e-01  -1.4202589e+00
   2.5760000e-01  -1.4180919e+00
   2.5800000e-01  -1.4157225e+00
   2.5840000e-01  -1.4135638e+00
   2.5880000e-01  -1.4112005e+00
   2.5920000e-01  -1.4090501e+00
   2.5960000e-01  -1.4066929e+00
   2.6000000e-01  -1.4045510e+00
   2.6040000e-01  -1.4021997e+00
   2.6080000e-01  -1.4000662e+00
   2.6120000e-01  -1.3977208e+00
   2.6160000e-01  -1.3955957e+00
   2.6200000e-01  -1.3932561e+00
   2.6240000e-01  -1.3911396e+00
   2.6280000e-01  -1.3888057e+00
   2.6320000e-01  -1.3866978e+00
   2.6360000e-01  -1.3843695e+00
   2.6400000e-01  -1.3822701e+00
   2.6440000e-01  -1.3799474e+00
   2.6480000e-01  -1.3778567e+00
   2.6520000e-01  -1.3755394e+00
   2.6560000e-01  -1.3734574e+00
   2.6600000e-01  -1.3711454e+00
   2.6640000e-01  -1.3690721e+00
   2.6680000e-01  -1.3667655e+00
   2.6720000e-01  -1.3647010e+00
   2.6760000e-01  -1.3623994e+00
   2.6800000e-01  -1.3603438e+00
   2.6840000e-01  -1.3580473e+00
   2.6880000e-01  -1.3560006e+00
   2.6920000e-01  -1.3537089e+00
   2.6960000e-01  -1.3516713e+00
   2.7000000e-01  -1.3493844e+00
   2.7040000e-01  -1.3473560e+00
   2.7080000e-01  -1.3450736e+00
   2.7120000e-01  -1.3430544e+00
   2.7160000e-01  -1.3407765e+00
   2.7200000e-01  -1.3387667e+00
   2.7240000e-01  -1.3364931e+00
   2.7280000e-01  -1.3344928e+00
   2.7320000e-01  -1.3322233e+00
   2.7360000e-01  -1.3302326e+00
   2.7400000e-01  -1.3279670e+00
   2.7440000e-01  -1.3259861e+00
   2.7480000e-01  -1.3237242e+00
   2.7520000e-01  -1.3217533e+00
   2.7560000e-01  -1.3194948e+00
   2.7600000e-01  -1.3175341e+00
   2.7640000e-01  -1.3152788e+00
   2.7680000e-01  -1.3133285e+00
   2.7720000e-01  -1.3110761e+00
   2.7760000e-01  -1.3091365e+00
   2.7800000e-01  -1.3068868e+00
   2.7840000e-01  -1.3049580e+00
   2.7880000e-01  -1.3027106e+00
   2.7920000e-01  -1.3007930e+00
   2.7960000e-01  -1.2985476e+00
   2.8000000e-01  -1.2966416e+00
   2.8040000e-01  -1.2943976e+00
   2.8080000e-01  -1.2925036e+00
   2.8120000e-01  -1.2902607e+00
   2.8160000e-01  -1.2883791e+00
   2.8200000e-01  -1.2861368e+00
   2.8240000e-01  -1.2842680e+00
   2.8280000e-01  -1.2820257e+00
   2.8320000e-01  -1.2801704e+00
   2.8360000e-01  -1.2779273e+00
   2.8400000e-01  -1.2760863e+00
   2.8440000e-01  -1.2738417e+00
   2.8480000e-01  -1.2720156e+00
   2.8520000e-01  -1.2697687e+00
   2.8560000e-01  -1.2679584e+00
   2.8600000e-01  -1.2657081e+00
   2.8640000e-01  -1.2639148e+00
   2.8680000e-01  -1.2616598e+00
   2.8720000e-01  -1.2598848e+00
   2.8760000e-01  -1.2576238e+00
   2.8800000e-01  -1.2558685e+00
   2.8840000e-01  -1.2535997e+00
   2.8880000e-01  -1.2518660e+00
   2.8920000e-01  -1.2495873e+00
   2.8960000e-01  -1.2478776e+00
   2.9000000e-01  -1.2455863e+00
   2.9040000e-01  -1.2439034e+00
   2.9080000e-01  -1.2415964e+00
   2.9120000e-01  -1.2399439e+00
   2.9160000e-01  -1.2376170e+00
   2.9200000e-01  -1.2359996e+00
   2.9240000e-01  -1.2336474e+00
   2.9280000e-01  -1.2320713e+00
   2.9320000e-01  -1.2296865e+00
   2.9360000e-01  -1.2281602e+00
   2.9400000e-01  -1.2257327e+00
   2.9440000e-01  -1.2242682e+00
   2.9480000e-01  -1.2217835e+00
   2.9520000e-01  -1.2203985e+00
   2.9560000e-01  -1.2178346e+00
   2.9600000e-01  -1.2165567e+00
   2.9640000e-01  -1.2138781e+00
   2.9680000e-01  -1.2127543e+00
   2.9720000e-01  -1.2098972e+00
   2.9760000e-01  -1.2090164e+00
   2.9800000e-01  -1.2058511e+00
   2.9840000e-01  -1.2054136e+00
   2.9880000e-01  -1.2016069e+00
   2.9920000e-01  -1.2022284e+00
   2.9960000e-01  -1.1964383e+00
   3.0000000e-01  -1.2020848e+00
   3.0040000e-01  -1.1578066e+00
   3.0080000e-01  -9.7131499e-01
   3.0120000e-01  -8.0943532e-01
   3.0160000e-01  -6.7428872e-01
   3.0200000e-01  -5.5934364e-01
   3.0240000e-01  -4.5950041e-01
   3.0280000e-01  -3.7914498e-01
   3.0320000e-01  -3.1089504e-01
   3.0360000e-01  -2.5573967e-01
   3.0400000e-01  -2.0885216e-01
   3.0440000e-01  -1.7124114e-01
   3.0480000e-01  -1.3910805e-01
   3.0520000e-01  -1.1348676e-01
   3.0560000e-01  -9.1443733e-02
   3.0600000e-01  -7.4023431e-02
   3.0640000e-01  -5.8882601e-02
   3.0680000e-01  -4.7061469e-02
   3.0720000e-01  -3.6643649e-02
   3.0760000e-01  -2.8643810e-02
   3.0800000e-01  -2.1459129e-02
   3.0840000e-01  -1.6065619e-02
   3.0880000e-01  -1.1095529e-02
   3.0920000e-01  -7.4784268e-03
   3.0960000e-01  -4.0263761e-03
   3.1040000e-01   7.9153952e-04
   3.1120000e-01   4.0711511e-03
   3.1160000e-01   5.0970797e-03
   3.1200000e-01   6.2996698e-03
   3.1240000e-01   6.9469604e-03
   3.1280000e-01   7.8100443e-03
   3.1320000e-01   8.2014768e-03
   3.1360000e-01   8.8297995e-03
   3.1400000e-01   9.0490159e-03
   3.1440000e-01   9.5144138e-03
   3.1480000e-01   9.6183402e-03
   3.1520000e-01   9.9701294e-03
   3.1560000e-01   9.9974616e-03
   3.1600000e-01   1.0269542e-02
   3.1640000e-01   1.0246540e-02
   3.1680000e-01   1.0462253e-02
   3.1720000e-01   1.0406701e-02
   3.1760000e-01   1.0582154e-02
   3.1800000e-01   1.0506058e-02
   3.1840000e-01   1.0652396e-02
   3.1880000e-01   1.0563831e-02
   3.1920000e-01   1.0688795e-02
   3.1960000e-01   1.0593163e-02
   3.2000000e-01   1.0702155e-02
   3.2040000e-01   1.0603041e-02
   3.2080000e-01   1.0699852e-02
   3.2120000e-01   1.0599613e-02
   3.2160000e-01   1.0686924e-02
   3.2200000e-01   1.0587082e-02
   3.2240000e-01   1.0666809e-02
   3.2280000e-01   1.0568328e-02
   3.2400000e-01   1.0613655e-02
   3.2440000e-01   1.0519404e-02
   3.2480000e-01   1.0583308e-02
   3.2520000e-01   1.0491509e-02
   3.2560000e-01   1.0551553e-02
   3.2600000e-01   1.0462267e-02
   3.2640000e-01   1.0518895e-02
   3.2680000e-01   1.0432114e-02
   3.2720000e-01   1.0485679e-02
   3.2760000e-01   1.0401349e-02
   3.2800000e-01   1.0452136e-02
   3.2840000e-01   1.0370178e-02
   3.2880000e-01   1.0418424e-02
   3.2920000e-01   1.0338743e-02
   3.6520000e-01   8.9643832e-03
   3.8240000e-01   8.4151880e-03
   3.8280000e-01   8.3390265e-03
   3.8320000e-01   8.3899809e-03
   3.8360000e-01   8.3106456e-03
   3.8400000e-01   8.3650229e-03
   3.8440000e-01   8.2821754e-03
   3.8480000e-01   8.3403371e-03
   3.8520000e-01   8.2535897e-03
   3.8560000e-01   8.3159517e-03
   3.8600000e-01   8.2248570e-03
   3.8640000e-01   8.2919009e-03
   3.8680000e-01   8.1959390e-03
   3.8720000e-01   8.2682269e-03
   3.8760000e-01   8.1667880e-03
   3.8800000e-01   8.2449820e-03
   3.8840000e-01   8.1373449e-03
   3.8880000e-01   8.2222322e-03
   3.8920000e-01   8.1075346e-03
   3.8960000e-01   8.2000618e-03
   3.9000000e-01   8.0772612e-03
   3.9040000e-01   8.1785797e-03
   3.9080000e-01   8.0463991e-03
   3.9120000e-01   8.1579295e-03
   3.9160000e-01   8.0147818e-03
   3.9200000e-01   8.1383042e-03
   3.9240000e-01   7.9821836e-03
   3.9280000e-01   8.1199685e-03
   3.9320000e-01   7.9482907e-03
   3.9360000e-01   8.1032952e-03
   3.9400000e-01   7.9126556e-03
   3.9440000e-01   8.0888246e-03
   3.9480000e-01   7.8746195e-03
   3.9520000e-01   8.0773653e-03
   3.9560000e-01   7.8331796e-03
   3.9600000e-01   8.0701708e-03
   3.9640000e-01   7.7867551e-03
   3.9680000e-01   8.0692451e-03
   3.9720000e-01   7.7328015e-03
   3.9760000e-01   8.0777839e-03
   3.9800000e-01   7.6674667e-03
   3.9840000e-01   8.0998115e-03
   3.9880000e-01   7.5889602e-03
   3.9920000e-01   8.1244696e-03
   3.9960000e-01   7.5708660e-03
   4.0000000e-01   7.6840244e-03
   4.0040000e-01   1.4331225e-02
   4.0080000e-01   1.2836402e-01
   4.0120000e-01   2.5598444e-01
   4.0160000e-01   3.5369883e-01
   4.0200000e-01   4.4072917e-01
   4.0240000e-01   5.1324199e-01
   4.0280000e-01   5.7455827e-01
   4.0320000e-01   6.2370425e-01
   4.0360000e-01   6.6538524e-01
   4.0400000e-01   6.9866072e-01
   4.0440000e-01   7.2678926e-01
   4.0480000e-01   7.4903723e-01
   4.0520000e-01   7.6789723e-01
   4.0560000e-01   7.8260966e-01
   4.0600000e-01   7.9512754e-01
   4.0640000e-01   8.0469044e-01
   4.0680000e-01   8.1287318e-01
   4.0720000e-01   8.1892074e-01
   4.0760000e-01   8.2413890e-01
   4.0800000e-01   8.2778842e-01
   4.0840000e-01   8.3097887e-01
   4.0880000e-01   8.3299387e-01
   4.0920000e-01   8.3479704e-01
   4.1000000e-01   8.3655290e-01
   4.1080000e-01   8.3690218e-01
   4.1120000e-01   8.3653389e-01
   4.1160000e-01   8.3629302e-01
   4.1200000e-01   8.3557713e-01
   4.1240000e-01   8.3503164e-01
   4.1280000e-01   8.3408138e-01
   4.1320000e-01   8.3332731e-01
   4.1360000e-01   8.3221987e-01
   4.1400000e-01   8.3132303e-01
   4.1440000e-01   8.3011101e-01
   4.1480000e-01   8.2911651e-01
   4.1520000e-01   8.2783571e-01
   4.1560000e-01   8.2677450e-01
   4.1600000e-01   8.2544927e-01
   4.1640000e-01   8.2434262e-01
   4.1680000e-01   8.2298947e-01
   4.1720000e-01   8.2185202e-01
   4.1760000e-01   8.2048215e-01
   4.1800000e-01   8.1932397e-01
   4.1840000e-01   8.1794495e-01
   4.1880000e-01   8.1677301e-01
   4.1920000e-01   8.1538993e-01
   4.1960000e-01   8.1420905e-01
   4.2000000e-01   8.1282531e-01
   4.2040000e-01   8.1163886e-01
   4.2080000e-01   8.1025673e-01
   4.2120000e-01   8.0906705e-01
   4.2160000e-01   8.0768801e-01
   4.2200000e-01   8.0649676e-01
   4.2240000e-01   8.0512178e-01
   4.2280000e-01   8.0393013e-01
   4.2320000e-01   8.0255981e-01
   4.2360000e-01   8.0136859e-01
   4.2400000e-01   8.0000332e-01
   4.2440000e-01   7.9881315e-01
   4.2480000e-01   7.9745314e-01
   4.2520000e-01   7.9626445e-01
   4.2560000e-01   7.9490980e-01
   4.2600000e-01   7.9372293e-01
   4.2720000e-01   7.8984507e-01
   4.2760000e-01   7.8866252e-01
   4.2800000e-01   7.8732407e-01
   4.2840000e-01   7.8614394e-01
   4.2880000e-01   7.8481082e-01
   4.2920000e-01   7.8363323e-01
   4.2960000e-01   7.8230537e-01
   4.3000000e-01   7.8113042e-01
   4.3120000e-01   7.7731801e-01
   4.3160000e-01   7.7614858e-01
   4.3200000e-01   7.7483612e-01
   4.3240000e-01   7.7366954e-01
   4.3280000e-01   7.7236210e-01
   4.3320000e-01   7.7119842e-01
   4.3520000e-01   7.6498703e-01
   4.3840000e-01   7.5526266e-01
   4.4240000e-01   7.4328047e-01
   4.4640000e-01   7.3148810e-01
   4.5040000e-01   7.1988262e-01
   4.5440000e-01   7.0846111e-01
   4.5840000e-01   6.9722070e-01
   4.6240000e-01   6.8615853e-01
   4.6720000e-01   6.7311526e-01
   4.7120000e-01   6.6243541e-01
   4.7600000e-01   6.4984295e-01
   4.8000000e-01   6.3953224e-01
   4.8480000e-01   6.2737506e-01
   4.8800000e-01   6.1939892e-01
   4.9200000e-01   6.0957116e-01
   4.9600000e-01   5.9989931e-01
   5.0000000e-01   5.9038090e-01
   5.0720000e-01   5.7362670e-01
   5.1120000e-01   5.6452510e-01
   5.1520000e-01   5.5556791e-01
   5.2240000e-01   5.3980156e-01
   5.2640000e-01   5.3123662e-01
   5.3040000e-01   5.2280757e-01
   5.3440000e-01   5.1451225e-01
   5.3840000e-01   5.0634855e-01
   5.4240000e-01   4.9831437e-01
   5.4640000e-01   4.9040766e-01
   5.5440000e-01   4.7496859e-01
   5.5840000e-01   4.6743229e-01
   5.6320000e-01   4.5854640e-01
   5.6720000e-01   4.5127066e-01
   5.7200000e-01   4.4269199e-01
   5.7600000e-01   4.3566780e-01
   5.8080000e-01   4.2738574e-01
   5.8480000e-01   4.2060441e-01
   5.8960000e-01   4.1260870e-01
   5.9440000e-01   4.0476499e-01
   5.9920000e-01   3.9707039e-01
   6.0800000e-01   3.8334153e-01
   6.1280000e-01   3.7605421e-01
   6.1760000e-01   3.6890543e-01
   6.2640000e-01   3.5615047e-01
   6.3520000e-01   3.4383662e-01
   6.4400000e-01   3.3194866e-01
   6.5360000e-01   3.1944856e-01
   6.6000000e-01   3.1137806e-01
   6.6640000e-01   3.0351187e-01
   6.7280000e-01   2.9584510e-01
   6.8000000e-01   2.8745291e-01
   6.9080000e-01   2.7530708e-01
   6.9480000e-01   2.7091388e-01
   6.9520000e-01   2.7054940e-01
   6.9560000e-01   2.7003822e-01
   6.9600000e-01   2.6969778e-01
   6.9640000e-01   2.6916090e-01
   6.9680000e-01   2.6885474e-01
   6.9720000e-01   2.6827845e-01
   6.9760000e-01   2.6802548e-01
   6.9800000e-01   2.6738274e-01
   6.9840000e-01   2.6722336e-01
   6.9880000e-01   2.6645008e-01
   6.9920000e-01   2.6649431e-01
   6.9960000e-01   2.6537920e-01
   7.0000000e-01   2.6610964e-01
   7.0040000e-01   2.6314027e-01
   7.0080000e-01   2.7804345e-01
   7.0120000e-01   3.7019960e-01
   7.0160000e-01   4.5600416e-01
   7.0200000e-01   5.2542734e-01
   7.0240000e-01   5.8515546e-01
   7.0280000e-01   6.3631385e-01
   7.0320000e-01   6.7782595e-01
   7.0360000e-01   7.1236676e-01
   7.0400000e-01   7.4041106e-01
   7.0440000e-01   7.6371283e-01
   7.0480000e-01   7.8240515e-01
   7.0520000e-01   7.9792976e-01
   7.0560000e-01   8.1023104e-01
   7.0600000e-01   8.2043971e-01
   7.0640000e-01   8.2836981e-01
   7.0680000e-01   8.3494447e-01
   7.0720000e-01   8.3989001e-01
   7.0760000e-01   8.4398108e-01
   7.0800000e-01   8.4688935e-01
   7.0840000e-01   8.4928337e-01
   7.0880000e-01   8.5080179e-01
   7.0920000e-01   8.5203638e-01
   7.0960000e-01   8.5260732e-01
   7.1000000e-01   8.5304999e-01
   7.1080000e-01   8.5287769e-01
   7.1160000e-01   8.5189770e-01
   7.1240000e-01   8.5036853e-01
   7.1320000e-01   8.4846680e-01
   7.1360000e-01   8.4731849e-01
   7.1400000e-01   8.4631322e-01
   7.1440000e-01   8.4507400e-01
   7.1480000e-01   8.4399028e-01
   7.1520000e-01   8.4269074e-01
   7.1560000e-01   8.4155433e-01
   7.1600000e-01   8.4021536e-01
   7.1640000e-01   8.3904388e-01
   7.1680000e-01   8.3767969e-01
   7.1720000e-01   8.3648523e-01
   7.1760000e-01   8.3510550e-01
   7.1800000e-01   8.3389635e-01
   7.1840000e-01   8.3250767e-01
   7.1880000e-01   8.3128950e-01
   7.1920000e-01   8.2989633e-01
   7.1960000e-01   8.2867306e-01
   7.2000000e-01   8.2727843e-01
   7.2040000e-01   8.2605274e-01
   7.2080000e-01   8.2465869e-01
   7.2120000e-01   8.2343244e-01
   7.2160000e-01   8.2204033e-01
   7.2200000e-01   8.2081482e-01
   7.2240000e-01   8.1942556e-01
   7.2280000e-01   8.1820166e-01
   7.2400000e-01   8.1421227e-01
   7.2440000e-01   8.1299328e-01
   7.2480000e-01   8.1161544e-01
   7.2520000e-01   8.1039943e-01
   7.2560000e-01   8.0902584e-01
   7.2600000e-01   8.0781303e-01
   7.2640000e-01   8.0644378e-01
   7.2680000e-01   8.0523434e-01
   7.2800000e-01   8.0130303e-01
   7.2840000e-01   8.0010061e-01
   7.2880000e-01   7.9874454e-01
   7.2920000e-01   7.9754574e-01
   7.2960000e-01   7.9619405e-01
   7.3000000e-01   7.9499892e-01
   7.3040000e-01   7.9365158e-01
   7.3080000e-01   7.9246016e-01
   7.3120000e-01   7.9111715e-01
   7.3160000e-01   7.8992946e-01
   7.3280000e-01   7.8607236e-01
   7.3320000e-01   7.8489222e-01
   7.3440000e-01   7.8105960e-01
   7.3480000e-01   7.7988707e-01
   7.3520000e-01   7.7856518e-01
   7.3560000e-01   7.7739648e-01
   7.3600000e-01   7.7607871e-01
   7.3640000e-01   7.7491384e-01
   7.3680000e-01   7.7360017e-01
   7.3720000e-01   7.7243915e-01
   7.3840000e-01   7.6866676e-01
   7.3880000e-01   7.6751346e-01
   7.3920000e-01   7.6621185e-01
   7.3960000e-01   7.6506242e-01
   7.4000000e-01   7.6376477e-01
   7.4040000e-01   7.6261922e-01
   7.4160000e-01   7.5889400e-01
   7.4200000e-01   7.5775622e-01
   7.4240000e-01   7.5647026e-01
   7.4280000e-01   7.5533638e-01
   7.4320000e-01   7.5405425e-01
   7.4440000e-01   7.5051988e-01
   7.4480000e-01   7.4924533e-01
   7.4520000e-01   7.4812317e-01
   7.4560000e-01   7.4685237e-01
   7.4600000e-01   7.4573412e-01
   7.4640000e-01   7.4446704e-01
   7.4680000e-01   7.4335272e-01
   7.4720000e-01   7.4208932e-01
   7.4760000e-01   7.4097893e-01
   7.4800000e-01   7.3971919e-01
   7.4920000e-01   7.3625409e-01
   7.4960000e-01   7.3500157e-01
   7.5000000e-01   7.3390299e-01
   7.5040000e-01   7.3265405e-01
   7.5080000e-01   7.3155942e-01
   7.5120000e-01   7.3031401e-01
   7.5160000e-01   7.2922333e-01
   7.5200000e-01   7.2798143e-01
   7.5240000e-01   7.2689472e-01
   7.5280000e-01   7.2565629e-01
   7.5400000e-01   7.2225981e-01
   7.5440000e-01   7.2102824e-01
   7.5480000e-01   7.1995347e-01
   7.5520000e-01   7.1872528e-01
   7.5560000e-01   7.1765451e-01
   7.5600000e-01   7.1642966e-01
   7.5640000e-01   7.1536289e-01
   7.5680000e-01   7.1414136e-01
   7.5800000e-01   7.1080164e-01
   7.5840000e-01   7.0958663e-01
   7.5960000e-01   7.0626952e-01
   7.6000000e-01   7.0506089e-01
   7.6040000e-01   7.0401433e-01
   7.6080000e-01   7.0280883e-01
   7.6120000e-01   7.0176635e-01
   7.6160000e-01   7.0056396e-01
   7.6200000e-01   6.9952557e-01
   7.6240000e-01   6.9832623e-01
   7.6360000e-01   6.9506551e-01
   7.6400000e-01   6.9387215e-01
   7.6520000e-01   6.9063396e-01
   7.6560000e-01   6.8944639e-01
   7.6600000e-01   6.8842882e-01
   7.6640000e-01   6.8724408e-01
   7.6680000e-01   6.8623075e-01
   7.6720000e-01   6.8504878e-01
   7.6760000e-01   6.8403972e-01
   7.6800000e-01   6.8286047e-01
   7.6920000e-01   6.7967870e-01
   7.6960000e-01   6.7850471e-01
   7.7080000e-01   6.7534560e-01
   7.7120000e-01   6.7417661e-01
   7.7160000e-01   6.7318947e-01
   7.7200000e-01   6.7202288e-01
   7.7240000e-01   6.7104026e-01
   7.7280000e-01   6.6987598e-01
   7.7320000e-01   6.6889796e-01
   7.7360000e-01   6.6773591e-01
   7.7400000e-01   6.6676253e-01
   7.7440000e-01   6.6560263e-01
   7.7480000e-01   6.6463397e-01
   7.7520000e-01   6.6347611e-01
   7.7560000e-01   6.6251225e-01
   7.7600000e-01   6.6135634e-01
   7.7640000e-01   6.6039736e-01
   7.7680000e-01   6.5924328e-01
   7.7720000e-01   6.5828928e-01
   7.7760000e-01   6.5713691e-01
   7.7800000e-01   6.5618799e-01
   7.7840000e-01   6.5503721e-01
   7.7880000e-01   6.5409349e-01
   7.7920000e-01   6.5294413e-01
   7.7960000e-01   6.5200575e-01
   7.8000000e-01   6.5085766e-01
   7.8040000e-01   6.4992477e-01
   7.8080000e-01   6.4877776e-01
   7.8120000e-01   6.4785052e-01
   7.8160000e-01   6.4670440e-01
   7.8200000e-01   6.4578301e-01
   7.8240000e-01   6.4463756e-01
   7.8280000e-01   6.4372222e-01
   7.8320000e-01   6.4257718e-01
   7.8360000e-01   6.4166815e-01
   7.8400000e-01   6.4052324e-01
   7.8440000e-01   6.3962079e-01
   7.8480000e-01   6.3847569e-01
   7.8520000e-01   6.3758015e-01
   7.8560000e-01   6.3643449e-01
   7.8600000e-01   6.3554624e-01
   7.8640000e-01   6.3439958e-01
   7.8680000e-01   6.3351906e-01
   7.8720000e-01   6.3237091e-01
   7.8760000e-01   6.3149863e-01
   7.8800000e-01   6.3034841e-01
   7.8840000e-01   6.2948500e-01
   7.8880000e-01   6.2833201e-01
   7.8920000e-01   6.2747819e-01
   7.8960000e-01   6.2632161e-01
   7.9000000e-01   6.2547829e-01
   7.9040000e-01   6.2431709e-01
   7.9080000e-01   6.2348536e-01
   7.9120000e-01   6.2231831e-01
   7.9160000e-01   6.2149954e-01
   7.9200000e-01   6.2032507e-01
   7.9240000e-01   6.1952100e-01
   7.9280000e-01   6.1833714e-01
   7.9320000e-01   6.1755000e-01
   7.9360000e-01   6.1635415e-01
   7.9400000e-01   6.1558692e-01
   7.9440000e-01   6.1437561e-01
   7.9480000e-01   6.1363232e-01
   7.9520000e-01   6.1240077e-01
   7.9560000e-01   6.1168709e-01
   7.9600000e-01   6.1042844e-01
   7.9640000e-01   6.0975273e-01
   7.9680000e-01   6.0845663e-01
   7.9720000e-01   6.0783185e-01
   7.9760000e-01   6.0648171e-01
   7.9800000e-01   6.0592948e-01
   7.9840000e-01   6.0449640e-01
   7.9880000e-01   6.0405632e-01
   7.9920000e-01   6.0248446e-01
   7.9960000e-01   6.0223693e-01
   8.0000000e-01   6.0041388e-01
   8.0040000e-01   6.0044806e-01
   8.0080000e-01   6.0000319e-01
   8.0120000e-01   6.5378814e-01
   8.0160000e-01   7.2129090e-01
   8.0200000e-01   7.7174598e-01
   8.0240000e-01   8.1702743e-01
   8.0280000e-01   8.5426295e-01
   8.0320000e-01   8.8604941e-01
   8.0360000e-01   9.1103015e-01
   8.0400000e-01   9.3232300e-01
   8.0440000e-01   9.4894725e-01
   8.0480000e-01   9.6302363e-01
   8.0520000e-01   9.7383131e-01
   8.0560000e-01   9.8297055e-01
   8.0600000e-01   9.8980505e-01
   8.0640000e-01   9.9556656e-01
   8.0680000e-01   9.9968735e-01
   8.0720000e-01   1.0031400e+00
   8.0760000e-01   1.0054102e+00
   8.0800000e-01   1.0072837e+00
   8.0840000e-01   1.0082937e+00
   8.0880000e-01   1.0090869e+00
   8.0960000e-01   1.0092939e+00
   8.1040000e-01   1.0084134e+00
   8.1120000e-01   1.0067930e+00
   8.1200000e-01   1.0046704e+00
   8.1280000e-01   1.0022078e+00
   8.1360000e-01   9.9951618e-01
   8.1440000e-01   9.9667135e-01
   8.1600000e-01   9.9071274e-01
   8.2360000e-01   9.6136933e-01
   8.2840000e-01   9.4310754e-01
   8.3360000e-01   9.2370196e-01
   8.3840000e-01   9.0614062e-01
   8.4400000e-01   8.8607444e-01
   8.4960000e-01   8.6645303e-01
   8.5520000e-01   8.4726639e-01
   8.6080000e-01   8.2850481e-01
   8.6560000e-01   8.1275459e-01
   8.7120000e-01   7.9475745e-01
   8.7600000e-01   7.7964892e-01
   8.8160000e-01   7.6238498e-01
   8.8640000e-01   7.4789194e-01
   8.9200000e-01   7.3133128e-01
   8.9680000e-01   7.1742863e-01
   9.0240000e-01   7.0154258e-01
   9.0800000e-01   6.8600830e-01
   9.1360000e-01   6.7081802e-01
   9.1920000e-01   6.5596411e-01
   9.2560000e-01   6.3939054e-01
   9.3120000e-01   6.2523254e-01
   9.3760000e-01   6.0943545e-01
   9.4320000e-01   5.9594075e-01
   9.4960000e-01   5.8088375e-01
   9.5520000e-01   5.6802128e-01
   9.6160000e-01   5.5366970e-01
   9.6800000e-01   5.3968073e-01
   9.7440000e-01   5.2604520e-01
   9.8080000e-01   5.1275419e-01
   9.8720000e-01   4.9979899e-01
   9.9360000e-01   4.8717113e-01
   1.0000000e+00   4.7486231e-01
