   0.0000000e+00   0.0000000e+00
   4.0000000e-04  -1.8217893e+00
   8.0000000e-04  -6.8826433e+00
   1.2000000e-03  -1.4256547e+01
   1.6000000e-03  -2.3491128e+01
   2.0000000e-03  -3.4569994e+01
   2.4000000e-03  -4.7097817e+01
   2.8000000e-03  -6.0599984e+01
   3.2000000e-03  -7.4960572e+01
   3.6000000e-03  -9.0210714e+01
   4.4000000e-03  -1.2249601e+02
   5.2000000e-03  -1.5629182e+02
   6.8000000e-03  -2.2699760e+02
   8.4000000e-03  -2.9961153e+02
   1.2400000e-02  -4.8284673e+02
   1.4400000e-02  -5.7391799e+02
   1.7600000e-02  -7.1832282e+02
   2.0800000e-02  -8.6093548e+02
   2.2800000e-02  -9.4915411e+02
   2.6000000e-02  -1.0888669e+03
   2.7600000e-02  -1.1580490e+03
   3.0800000e-02  -1.2950784e+03
   3.4400000e-02  -1.4471856e+03
   3.7600000e-02  -1.5805484e+03
   4.1200000e-02  -1.7285545e+03
   4.4400000e-02  -1.8583501e+03
   4.7600000e-02  -1.9864753e+03
   5.0000000e-02  -2.0814242e+03
   5.0400000e-02  -2.0955494e+03
   5.0800000e-02  -2.1066517e+03
   5.1200000e-02  -2.1152154e+03
   5.1600000e-02  -2.1216795e+03
   5.2000000e-02  -2.1263025e+03
   5.2400000e-02  -2.1296186e+03
   5.2800000e-02  -2.1319047e+03
   5.3200000e-02  -2.1330996e+03
   5.3600000e-02  -2.1333424e+03
   5.4400000e-02  -2.1323708e+03
   5.5200000e-02  -2.1293705e+03
   5.6400000e-02  -2.1229925e+03
   5.7600000e-02  -2.1147957e+03
   5.9600000e-02  -2.0996898e+03
   7.0400000e-02  -2.0117007e+03
   7.8800000e-02  -1.9452079e+03
   8.7200000e-02  -1.8809060e+03
   9.6800000e-02  -1.8097679e+03
   9.8400000e-02  -1.7966240e+03
   9.9200000e-02  -1.7886170e+03
   9.9600000e-02  -1.7842560e+03
   1.0000000e-01  -1.7792507e+03
   1.0040000e-01  -1.7733965e+03
   1.0080000e-01  -1.7667996e+03
   1.0120000e-01  -1.7594012e+03
   1.0160000e-01  -1.7507885e+03
   1.0200000e-01  -1.7406568e+03
   1.0240000e-01  -1.7290813e+03
   1.0280000e-01  -1.7161148e+03
   1.0320000e-01  -1.7014860e+03
   1.0360000e-01  -1.6849865e+03
   1.0400000e-01  -1.6668513e+03
   1.0440000e-01  -1.6474447e+03
   1.0480000e-01  -1.6268459e+03
   1.0520000e-01  -1.6051008e+03
   1.0640000e-01  -1.5377395e+03
   1.0720000e-01  -1.4937709e+03
   1.0760000e-01  -1.4727455e+03
   1.0800000e-01  -1.4524352e+03
   1.0960000e-01  -1.3723317e+03
   1.1000000e-01  -1.3516748e+03
   1.1040000e-01  -1.3303065e+03
   1.1200000e-01  -1.2429656e+03
   1.1240000e-01  -1.2215034e+03
   1.1280000e-01  -1.2007123e+03
   1.1480000e-01  -1.0987805e+03
   1.1600000e-01  -1.0348065e+03
   1.1720000e-01  -9.7231216e+02
   1.1840000e-01  -9.1207523e+02
   1.2080000e-01  -7.8787082e+02
   1.2200000e-01  -7.2814635e+02
   1.2320000e-01  -6.6728582e+02
   1.2400000e-01  -6.2623243e+02
   1.2600000e-01  -5.2710168e+02
   1.2760000e-01  -4.4674020e+02
   1.2880000e-01  -3.8826243e+02
   1.3080000e-01  -2.8934755e+02
   1.3200000e-01  -2.3159936e+02
   1.3400000e-01  -1.3400173e+02
   1.3520000e-01  -7.6934022e+01
   1.3640000e-01  -1.8892402e+01
   1.3840000e-01   7.5852035e+01
   1.3920000e-01   1.1432097e+02
   1.4240000e-01   2.6467064e+02
   1.4360000e-01   3.1997087e+02
   1.4480000e-01   3.7594730e+02
   1.4680000e-01   4.6770808e+02
   1.4760000e-01   5.0483763e+02
   1.5080000e-01   6.5009049e+02
   1.5160000e-01   6.8571929e+02
   1.5280000e-01   7.4004008e+02
   1.5560000e-01   8.6462759e+02
   1.5680000e-01   9.1722956e+02
   1.5760000e-01   9.5285273e+02
   1.6080000e-01   1.0924605e+03
   1.6280000e-01   1.1788994e+03
   1.6560000e-01   1.2985189e+03
   1.6760000e-01   1.3833986e+03
   1.7080000e-01   1.5173588e+03
   1.7240000e-01   1.5839336e+03
   1.7440000e-01   1.6664656e+03
   1.7640000e-01   1.7481547e+03
   1.7920000e-01   1.8616790e+03
   1.8120000e-01   1.9419586e+03
   1.8280000e-01   2.0056024e+03
   1.8600000e-01   2.1319416e+03
   1.8960000e-01   2.2720416e+03
   1.9280000e-01   2.3949020e+03
   1.9440000e-01   2.4558018e+03
   1.9600000e-01   2.5160503e+03
   1.9800000e-01   2.5898614e+03
   1.9920000e-01   2.6318654e+03
   1.9960000e-01   2.6451399e+03
   2.0000000e-01   2.6577354e+03
   2.0040000e-01   2.6697299e+03
   2.0080000e-01   2.6810360e+03
   2.0120000e-01   2.6912378e+03
   2.0160000e-01   2.7000557e+03
   2.0200000e-01   2.7076015e+03
   2.0240000e-01   2.7139144e+03
   2.0280000e-01   2.7186114e+03
   2.0320000e-01   2.7213439e+03
   2.0360000e-01   2.7222983e+03
   2.0400000e-01   2.7218647e+03
   2.0440000e-01   2.7200695e+03
   2.0480000e-01   2.7167816e+03
   2.0520000e-01   2.7123042e+03
   2.0680000e-01   2.6918285e+03
   2.0720000e-01   2.6873116e+03
   2.0800000e-01   2.6801781e+03
   2.0920000e-01   2.6716258e+03
   2.0960000e-01   2.6684698e+03
   2.1000000e-01   2.6646362e+03
   2.1080000e-01   2.6558011e+03
   2.1200000e-01   2.6405940e+03
   2.1240000e-01   2.6361558e+03
   2.1480000e-01   2.6138933e+03
   2.1680000e-01   2.5909058e+03
   2.1880000e-01   2.5719170e+03
   2.1960000e-01   2.5633070e+03
   2.2040000e-01   2.5540715e+03
   2.2280000e-01   2.5310130e+03
   2.2400000e-01   2.5176974e+03
   2.2600000e-01   2.4987011e+03
   2.2720000e-01   2.4858661e+03
   2.2920000e-01   2.4668690e+03
   2.3040000e-01   2.4542371e+03
   2.3280000e-01   2.4314708e+03
   2.3400000e-01   2.4191540e+03
   2.3480000e-01   2.4121184e+03
   2.3680000e-01   2.3923785e+03
   2.3800000e-01   2.3814880e+03
   2.4000000e-01   2.3620695e+03
   2.4120000e-01   2.3512256e+03
   2.4240000e-01   2.3393902e+03
   2.4320000e-01   2.3323941e+03
   2.4560000e-01   2.3102076e+03
   2.4640000e-01   2.3038950e+03
   2.4720000e-01   2.2969487e+03
   2.4800000e-01   2.2912690e+03
   2.4880000e-01   2.2866431e+03
   2.4920000e-01   2.2849114e+03
   2.5000000e-01   2.2827819e+03
   2.5040000e-01   2.2825610e+03
   2.5080000e-01   2.2834262e+03
   2.5120000e-01   2.2854484e+03
   2.5160000e-01   2.2883855e+03
   2.5200000e-01   2.2922665e+03
   2.5240000e-01   2.2974935e+03
   2.5280000e-01   2.3043366e+03
   2.5320000e-01   2.3127484e+03
   2.5360000e-01   2.3227401e+03
   2.5400000e-01   2.3344917e+03
   2.5440000e-01   2.3479601e+03
   2.5480000e-01   2.3628064e+03
   2.5520000e-01   2.3788998e+03
   2.5560000e-01   2.3964714e+03
   2.5600000e-01   2.4155172e+03
   2.5680000e-01   2.4556193e+03
   2.5800000e-01   2.5168336e+03
   2.5840000e-01   2.5366191e+03
   2.5920000e-01   2.5742212e+03
   2.5960000e-01   2.5920594e+03
   2.6000000e-01   2.6089980e+03
   2.6120000e-01   2.6580979e+03
   2.6200000e-01   2.6912221e+03
   2.6240000e-01   2.7082828e+03
   2.6280000e-01   2.7261633e+03
   2.6320000e-01   2.7446652e+03
   2.6480000e-01   2.8203241e+03
   2.6560000e-01   2.8565410e+03
   2.6640000e-01   2.8913661e+03
   2.6760000e-01   2.9410139e+03
   2.6840000e-01   2.9755274e+03
   2.6880000e-01   2.9931622e+03
   2.7040000e-01   3.0655112e+03
   2.7120000e-01   3.1007284e+03
   2.7280000e-01   3.1672107e+03
   2.7400000e-01   3.2185639e+03
   2.7480000e-01   3.2541214e+03
   2.7560000e-01   3.2887709e+03
   2.7640000e-01   3.3223652e+03
   2.7760000e-01   3.3715186e+03
   2.7880000e-01   3.4224840e+03
   2.8000000e-01   3.4740654e+03
   2.8200000e-01   3.5555747e+03
   2.8440000e-01   3.6558136e+03
   2.8600000e-01   3.7199273e+03
   2.8800000e-01   3.8023384e+03
   2.9040000e-01   3.8978881e+03
   2.9160000e-01   3.9467893e+03
   2.9400000e-01   4.0402662e+03
   2.9480000e-01   4.0719393e+03
   2.9520000e-01   4.0874022e+03
   2.9560000e-01   4.1022697e+03
   2.9640000e-01   4.1312806e+03
   2.9720000e-01   4.1589865e+03
   2.9800000e-01   4.1853019e+03
   2.9840000e-01   4.1973619e+03
   2.9880000e-01   4.2081698e+03
   2.9920000e-01   4.2177491e+03
   2.9960000e-01   4.2260190e+03
   3.0000000e-01   4.2325438e+03
   3.0040000e-01   4.2370003e+03
   3.0080000e-01   4.2394509e+03
   3.0120000e-01   4.2398136e+03
   3.0160000e-01   4.2374246e+03
   3.0200000e-01   4.2315149e+03
   3.0240000e-01   4.2218332e+03
   3.0280000e-01   4.2084147e+03
   3.0320000e-01   4.1910148e+03
   3.0360000e-01   4.1692402e+03
   3.0400000e-01   4.1430586e+03
   3.0440000e-01   4.1127021e+03
   3.0480000e-01   4.0781688e+03
   3.0520000e-01   4.0392934e+03
   3.0560000e-01   3.9962771e+03
   3.0600000e-01   3.9497260e+03
   3.0640000e-01   3.9002035e+03
   3.0680000e-01   3.8481984e+03
   3.0720000e-01   3.7945225e+03
   3.0840000e-01   3.6318916e+03
   3.0880000e-01   3.5784921e+03
   3.0920000e-01   3.5265502e+03
   3.0960000e-01   3.4766213e+03
   3.1000000e-01   3.4286006e+03
   3.1040000e-01   3.3822563e+03
   3.1080000e-01   3.3376814e+03
   3.1120000e-01   3.2948084e+03
   3.1200000e-01   3.2109438e+03
   3.1280000e-01   3.1258118e+03
   3.1320000e-01   3.0823581e+03
   3.1360000e-01   3.0377666e+03
   3.1400000e-01   2.9919737e+03
   3.1440000e-01   2.9452976e+03
   3.1480000e-01   2.8978751e+03
   3.1600000e-01   2.7525731e+03
   3.1640000e-01   2.7048963e+03
   3.1680000e-01   2.6578820e+03
   3.1720000e-01   2.6115054e+03
   3.1760000e-01   2.5660226e+03
   3.1880000e-01   2.4329811e+03
   3.1920000e-01   2.3889327e+03
   3.2000000e-01   2.3016958e+03
   3.2080000e-01   2.2128752e+03
   3.2160000e-01   2.1227324e+03
   3.2280000e-01   1.9853572e+03
   3.2320000e-01   1.9400194e+03
   3.2400000e-01   1.8499981e+03
   3.2440000e-01   1.8056236e+03
   3.2520000e-01   1.7188422e+03
   3.2640000e-01   1.5908453e+03
   3.2680000e-01   1.5476248e+03
   3.2720000e-01   1.5035030e+03
   3.2760000e-01   1.4587903e+03
   3.2880000e-01   1.3240070e+03
   3.2920000e-01   1.2796426e+03
   3.2960000e-01   1.2362754e+03
   3.3040000e-01   1.1515885e+03
   3.3160000e-01   1.0263271e+03
   3.3200000e-01   9.8366988e+02
   3.3240000e-01   9.3998307e+02
   3.3360000e-01   8.0749017e+02
   3.3400000e-01   7.6399719e+02
   3.3440000e-01   7.2150903e+02
   3.3560000e-01   5.9787949e+02
   3.3640000e-01   5.1474792e+02
   3.3680000e-01   4.7241108e+02
   3.3800000e-01   3.4335512e+02
   3.3880000e-01   2.5881562e+02
   3.3920000e-01   2.1738266e+02
   3.4040000e-01   9.5552151e+01
   3.4160000e-01  -2.9311915e+01
   3.4240000e-01  -1.1325671e+02
   3.4280000e-01  -1.5475844e+02
   3.4320000e-01  -1.9561893e+02
   3.4440000e-01  -3.1761838e+02
   3.4520000e-01  -3.9808370e+02
   3.4560000e-01  -4.3875973e+02
   3.4760000e-01  -6.4324603e+02
   3.5000000e-01  -8.8195385e+02
   3.5120000e-01  -1.0032543e+03
   3.5160000e-01  -1.0432064e+03
   3.5240000e-01  -1.1220266e+03
   3.5360000e-01  -1.2383208e+03
   3.5480000e-01  -1.3582026e+03
   3.5560000e-01  -1.4368856e+03
   3.5600000e-01  -1.4755794e+03
   3.5680000e-01  -1.5517954e+03
   3.5720000e-01  -1.5903693e+03
   3.5880000e-01  -1.7468547e+03
   3.5960000e-01  -1.8239364e+03
   3.6080000e-01  -1.9373690e+03
   3.6240000e-01  -2.0913038e+03
   3.6280000e-01  -2.1294190e+03
   3.6480000e-01  -2.3171408e+03
   3.6600000e-01  -2.4305389e+03
   3.6720000e-01  -2.5425756e+03
   3.6840000e-01  -2.6531872e+03
   3.7000000e-01  -2.8023472e+03
   3.7080000e-01  -2.8757224e+03
   3.7200000e-01  -2.9846244e+03
   3.7320000e-01  -3.0953729e+03
   3.7440000e-01  -3.2039818e+03
   3.7520000e-01  -3.2753855e+03
   3.7640000e-01  -3.3847408e+03
   3.7680000e-01  -3.4207972e+03
   3.7760000e-01  -3.4919675e+03
   3.7840000e-01  -3.5625261e+03
   3.7960000e-01  -3.6704319e+03
   3.8000000e-01  -3.7059086e+03
   3.8200000e-01  -3.8813769e+03
   3.8320000e-01  -3.9872916e+03
   3.8440000e-01  -4.0917323e+03
   3.8520000e-01  -4.1606821e+03
   3.8640000e-01  -4.2653905e+03
   3.8880000e-01  -4.4707454e+03
   3.8960000e-01  -4.5398121e+03
   3.9000000e-01  -4.5738534e+03
   3.9200000e-01  -4.7422832e+03
   3.9280000e-01  -4.8103030e+03
   3.9320000e-01  -4.8438539e+03
   3.9560000e-01  -5.0407555e+03
   3.9600000e-01  -5.0730704e+03
   3.9640000e-01  -5.1045998e+03
   3.9720000e-01  -5.1654677e+03
   3.9800000e-01  -5.2248921e+03
   3.9840000e-01  -5.2532839e+03
   3.9880000e-01  -5.2803873e+03
   3.9920000e-01  -5.3060930e+03
   3.9960000e-01  -5.3301073e+03
   4.0000000e-01  -5.3521359e+03
   4.0040000e-01  -5.3721483e+03
   4.0080000e-01  -5.3900985e+03
   4.0120000e-01  -5.4055387e+03
   4.0160000e-01  -5.4178438e+03
   4.0200000e-01  -5.4266732e+03
   4.0240000e-01  -5.4318731e+03
   4.0280000e-01  -5.4330822e+03
   4.0320000e-01  -5.4298577e+03
   4.0360000e-01  -5.4221231e+03
   4.0400000e-01  -5.4100535e+03
   4.0440000e-01  -5.3935200e+03
   4.0480000e-01  -5.3720842e+03
   4.0520000e-01  -5.3456151e+03
   4.0560000e-01  -5.3145142e+03
   4.0600000e-01  -5.2792461e+03
   4.0640000e-01  -5.2400863e+03
   4.0680000e-01  -5.1974992e+03
   4.0720000e-01  -5.1523315e+03
   4.0760000e-01  -5.1053485e+03
   4.0800000e-01  -5.0569222e+03
   4.0880000e-01  -4.9579323e+03
   4.0920000e-01  -4.9093220e+03
   4.0960000e-01  -4.8622466e+03
   4.1000000e-01  -4.8170013e+03
   4.1040000e-01  -4.7739853e+03
   4.1080000e-01  -4.7334976e+03
   4.1120000e-01  -4.6952771e+03
   4.1160000e-01  -4.6587430e+03
   4.1200000e-01  -4.6236577e+03
   4.1240000e-01  -4.5900928e+03
   4.1320000e-01  -4.5256075e+03
   4.1360000e-01  -4.4928225e+03
   4.1400000e-01  -4.4588842e+03
   4.1440000e-01  -4.4235293e+03
   4.1480000e-01  -4.3865184e+03
   4.1520000e-01  -4.3479054e+03
   4.1560000e-01  -4.3081190e+03
   4.1600000e-01  -4.2674961e+03
   4.1640000e-01  -4.2260300e+03
   4.1720000e-01  -4.1416629e+03
   4.1760000e-01  -4.1003180e+03
   4.1800000e-01  -4.0602052e+03
   4.1840000e-01  -4.0213050e+03
   4.1880000e-01  -3.9836318e+03
   4.1920000e-01  -3.9471862e+03
   4.2080000e-01  -3.8056988e+03
   4.2120000e-01  -3.7700322e+03
   4.2160000e-01  -3.7336457e+03
   4.2200000e-01  -3.6963948e+03
   4.2240000e-01  -3.6584842e+03
   4.2280000e-01  -3.6200855e+03
   4.2360000e-01  -3.5423516e+03
   4.2400000e-01  -3.5039644e+03
   4.2440000e-01  -3.4664144e+03
   4.2560000e-01  -3.3563136e+03
   4.2800000e-01  -3.1396733e+03
   4.2920000e-01  -3.0293559e+03
   4.3120000e-01  -2.8495254e+03
   4.3240000e-01  -2.7404920e+03
   4.3360000e-01  -2.6332995e+03
   4.3400000e-01  -2.5976825e+03
   4.3440000e-01  -2.5626848e+03
   4.3520000e-01  -2.4935378e+03
   4.3600000e-01  -2.4235401e+03
   4.3640000e-01  -2.3879091e+03
   4.3760000e-01  -2.2792942e+03
   4.3800000e-01  -2.2439651e+03
   4.3880000e-01  -2.1743457e+03
   4.3920000e-01  -2.1403284e+03
   4.4000000e-01  -2.0732991e+03
   4.4080000e-01  -2.0046816e+03
   4.4120000e-01  -1.9697995e+03
   4.4160000e-01  -1.9343729e+03
   4.4240000e-01  -1.8625895e+03
   4.4280000e-01  -1.8276338e+03
   4.4320000e-01  -1.7936929e+03
   4.4360000e-01  -1.7604569e+03
   4.4480000e-01  -1.6625352e+03
   4.4520000e-01  -1.6291661e+03
   4.4680000e-01  -1.4929127e+03
   4.4720000e-01  -1.4592124e+03
   4.4760000e-01  -1.4266315e+03
   4.4800000e-01  -1.3955203e+03
   4.4840000e-01  -1.3654978e+03
   4.4920000e-01  -1.3067967e+03
   4.5040000e-01  -1.2194832e+03
   4.5080000e-01  -1.1913101e+03
   4.5120000e-01  -1.1647474e+03
   4.5160000e-01  -1.1399677e+03
   4.5200000e-01  -1.1169037e+03
   4.5240000e-01  -1.0957520e+03
   4.5280000e-01  -1.0767434e+03
   4.5320000e-01  -1.0596558e+03
   4.5360000e-01  -1.0440142e+03
   4.5400000e-01  -1.0296684e+03
   4.5440000e-01  -1.0168064e+03
   4.5480000e-01  -1.0055626e+03
   4.5520000e-01  -9.9606536e+02
   4.5560000e-01  -9.8875587e+02
   4.5600000e-01  -9.8410891e+02
   4.5640000e-01  -9.8195776e+02
   4.5680000e-01  -9.8152316e+02
   4.5720000e-01  -9.8217857e+02
   4.5760000e-01  -9.8376759e+02
   4.5960000e-01  -9.9641548e+02
   4.6000000e-01  -9.9869715e+02
   4.6040000e-01  -1.0002394e+03
   4.6080000e-01  -1.0010138e+03
   4.6120000e-01  -1.0010645e+03
   4.6160000e-01  -1.0000844e+03
   4.6200000e-01  -9.9774588e+02
   4.6240000e-01  -9.9424935e+02
   4.6320000e-01  -9.8565921e+02
   4.6400000e-01  -9.7632378e+02
   4.6480000e-01  -9.6865861e+02
   4.6560000e-01  -9.6257994e+02
   4.6600000e-01  -9.6090364e+02
   4.6640000e-01  -9.6056023e+02
   4.6840000e-01  -9.6292540e+02
   4.6880000e-01  -9.6257371e+02
   4.6960000e-01  -9.6041419e+02
   4.7000000e-01  -9.5866630e+02
   4.7040000e-01  -9.5628841e+02
   4.7160000e-01  -9.4777859e+02
   4.7240000e-01  -9.4087185e+02
   4.7280000e-01  -9.3811151e+02
   4.7320000e-01  -9.3654525e+02
   4.7360000e-01  -9.3595791e+02
   4.7400000e-01  -9.3602256e+02
   4.7480000e-01  -9.3714239e+02
   4.7520000e-01  -9.3703437e+02
   4.7560000e-01  -9.3589771e+02
   4.7680000e-01  -9.3020703e+02
   4.7960000e-01  -9.1501156e+02
   4.8040000e-01  -9.1305853e+02
   4.8080000e-01  -9.1287052e+02
   4.8160000e-01  -9.1336534e+02
   4.8200000e-01  -9.1263950e+02
   4.8240000e-01  -9.1065766e+02
   4.8360000e-01  -9.0244211e+02
   4.8440000e-01  -8.9831462e+02
   4.8720000e-01  -8.9165262e+02
   4.8840000e-01  -8.8737361e+02
   4.9000000e-01  -8.7857722e+02
   4.9080000e-01  -8.7623143e+02
   4.9160000e-01  -8.7536580e+02
   4.9240000e-01  -8.7330644e+02
   4.9360000e-01  -8.6829301e+02
   4.9440000e-01  -8.6371485e+02
   4.9520000e-01  -8.6019365e+02
   4.9600000e-01  -8.5784630e+02
   4.9680000e-01  -8.5620743e+02
   4.9720000e-01  -8.5476469e+02
   4.9800000e-01  -8.5015388e+02
   4.9960000e-01  -8.3893650e+02
   5.0040000e-01  -8.3392451e+02
   5.0120000e-01  -8.2751277e+02
   5.0160000e-01  -8.2365728e+02
   5.0240000e-01  -8.1446027e+02
   5.0320000e-01  -8.0353888e+02
   5.0360000e-01  -7.9690161e+02
   5.0400000e-01  -7.8924737e+02
   5.0560000e-01  -7.5708973e+02
   5.0600000e-01  -7.4813170e+02
   5.0640000e-01  -7.3830585e+02
   5.0680000e-01  -7.2747357e+02
   5.0720000e-01  -7.1557099e+02
   5.0840000e-01  -6.7776105e+02
   5.1000000e-01  -6.2957680e+02
   5.1120000e-01  -5.9196589e+02
   5.1160000e-01  -5.8014961e+02
   5.1240000e-01  -5.5778861e+02
   5.1280000e-01  -5.4700034e+02
   5.1360000e-01  -5.2657055e+02
   5.1400000e-01  -5.1679035e+02
   5.1520000e-01  -4.8879743e+02
   5.1560000e-01  -4.7872076e+02
   5.1840000e-01  -4.0414600e+02
   5.1880000e-01  -3.9306959e+02
   5.2000000e-01  -3.5840321e+02
   5.2080000e-01  -3.3602618e+02
   5.2120000e-01  -3.2553454e+02
   5.2360000e-01  -2.6696387e+02
   5.2480000e-01  -2.3553676e+02
   5.2640000e-01  -1.9456932e+02
   5.2760000e-01  -1.6128291e+02
   5.2800000e-01  -1.5069706e+02
   5.3080000e-01  -8.2769489e+01
   5.3200000e-01  -5.2470406e+01
   5.3320000e-01  -2.1011842e+01
   5.3600000e-01   4.8909106e+01
   5.3640000e-01   5.8335476e+01
   5.3720000e-01   7.6181972e+01
   5.3760000e-01   8.5717761e+01
   5.3920000e-01   1.2732000e+02
   5.3960000e-01   1.3720787e+02
   5.4040000e-01   1.5591847e+02
   5.4120000e-01   1.7531630e+02
   5.4400000e-01   2.4176336e+02
   5.4640000e-01   3.0021682e+02
   5.4840000e-01   3.4571128e+02
   5.5000000e-01   3.8448395e+02
   5.5160000e-01   4.2152201e+02
   5.5520000e-01   5.0386575e+02
   5.5640000e-01   5.3239096e+02
   5.5680000e-01   5.4142999e+02
   5.5800000e-01   5.6686239e+02
   5.6000000e-01   6.1339920e+02
   5.6400000e-01   7.0140830e+02
   5.6520000e-01   7.2860815e+02
   5.6800000e-01   7.8889940e+02
   5.6960000e-01   8.2463076e+02
   5.7080000e-01   8.4944331e+02
   5.7320000e-01   9.0126940e+02
   5.7720000e-01   9.8522621e+02
   5.7840000e-01   1.0109593e+03
   5.8040000e-01   1.0514637e+03
   5.8200000e-01   1.0855696e+03
   5.8320000e-01   1.1092288e+03
   5.8440000e-01   1.1342177e+03
   5.8560000e-01   1.1581475e+03
   5.8680000e-01   1.1830189e+03
   5.8800000e-01   1.2064473e+03
   5.9080000e-01   1.2627270e+03
   5.9240000e-01   1.2937143e+03
   5.9400000e-01   1.3256402e+03
   5.9680000e-01   1.3785443e+03
   5.9840000e-01   1.4069173e+03
   5.9960000e-01   1.4268875e+03
   6.0080000e-01   1.4444824e+03
   6.0160000e-01   1.4550798e+03
   6.0200000e-01   1.4596923e+03
   6.0280000e-01   1.4673317e+03
   6.0320000e-01   1.4704196e+03
   6.0400000e-01   1.4748836e+03
   6.0480000e-01   1.4777094e+03
   6.0520000e-01   1.4783817e+03
   6.0560000e-01   1.4781294e+03
   6.0600000e-01   1.4768961e+03
   6.0720000e-01   1.4706684e+03
   6.0800000e-01   1.4651116e+03
   6.0960000e-01   1.4494052e+03
   6.1080000e-01   1.4381328e+03
   6.1160000e-01   1.4314957e+03
   6.1240000e-01   1.4264891e+03
   6.1360000e-01   1.4208725e+03
   6.1440000e-01   1.4180402e+03
   6.1560000e-01   1.4145527e+03
   6.1640000e-01   1.4113388e+03
   6.1680000e-01   1.4093019e+03
   6.1760000e-01   1.4044012e+03
   6.2040000e-01   1.3843642e+03
   6.2120000e-01   1.3793543e+03
   6.2400000e-01   1.3675565e+03
   6.2480000e-01   1.3636939e+03
   6.2600000e-01   1.3563053e+03
   6.2760000e-01   1.3457010e+03
   6.2840000e-01   1.3412226e+03
   6.2920000e-01   1.3373143e+03
   6.3080000e-01   1.3306222e+03
   6.3280000e-01   1.3198037e+03
   6.3400000e-01   1.3117284e+03
   6.3440000e-01   1.3094875e+03
   6.3800000e-01   1.2928710e+03
   6.3920000e-01   1.2855378e+03
   6.4120000e-01   1.2750196e+03
   6.4280000e-01   1.2684731e+03
   6.4520000e-01   1.2559634e+03
   6.4600000e-01   1.2523977e+03
   6.4760000e-01   1.2469626e+03
   6.4960000e-01   1.2427264e+03
   6.5040000e-01   1.2418545e+03
   6.5120000e-01   1.2430801e+03
   6.5200000e-01   1.2457979e+03
   6.5240000e-01   1.2479918e+03
   6.5280000e-01   1.2507905e+03
   6.5360000e-01   1.2573585e+03
   6.5400000e-01   1.2613581e+03
   6.5480000e-01   1.2714035e+03
   6.5520000e-01   1.2771434e+03
   6.5560000e-01   1.2835377e+03
   6.5600000e-01   1.2908513e+03
   6.5640000e-01   1.2989946e+03
   6.5720000e-01   1.3169497e+03
   6.5760000e-01   1.3268230e+03
   6.5880000e-01   1.3586899e+03
   6.6040000e-01   1.4028889e+03
   6.6160000e-01   1.4367360e+03
   6.6240000e-01   1.4573879e+03
   6.6320000e-01   1.4765916e+03
   6.6360000e-01   1.4856506e+03
   6.6440000e-01   1.5026561e+03
   6.6560000e-01   1.5259577e+03
   6.6760000e-01   1.5677374e+03
   6.6840000e-01   1.5857505e+03
   6.6920000e-01   1.6044899e+03
   6.7000000e-01   1.6239781e+03
   6.7120000e-01   1.6542678e+03
   6.7200000e-01   1.6728100e+03
   6.7280000e-01   1.6906687e+03
   6.7320000e-01   1.6991384e+03
   6.7560000e-01   1.7482470e+03
   6.7760000e-01   1.7924500e+03
   6.7920000e-01   1.8299118e+03
   6.8000000e-01   1.8477340e+03
   6.8120000e-01   1.8726853e+03
   6.8240000e-01   1.8964521e+03
   6.8280000e-01   1.9048050e+03
   6.8400000e-01   1.9305484e+03
   6.8600000e-01   1.9747111e+03
   6.8760000e-01   2.0085050e+03
   6.9000000e-01   2.0563855e+03
   6.9040000e-01   2.0646547e+03
   6.9160000e-01   2.0907645e+03
   6.9240000e-01   2.1074536e+03
   6.9320000e-01   2.1233841e+03
   6.9400000e-01   2.1386014e+03
   6.9640000e-01   2.1824162e+03
   6.9760000e-01   2.2017403e+03
   6.9840000e-01   2.2136481e+03
   6.9880000e-01   2.2185769e+03
   6.9920000e-01   2.2227878e+03
   6.9960000e-01   2.2262936e+03
   7.0000000e-01   2.2289687e+03
   7.0040000e-01   2.2307654e+03
   7.0080000e-01   2.2317464e+03
   7.0120000e-01   2.2318834e+03
   7.0160000e-01   2.2310544e+03
   7.0200000e-01   2.2292318e+03
   7.0240000e-01   2.2264230e+03
   7.0280000e-01   2.2224122e+03
   7.0320000e-01   2.2168115e+03
   7.0360000e-01   2.2094152e+03
   7.0400000e-01   2.2002773e+03
   7.0440000e-01   2.1894023e+03
   7.0480000e-01   2.1766273e+03
   7.0520000e-01   2.1618994e+03
   7.0560000e-01   2.1454055e+03
   7.0600000e-01   2.1272797e+03
   7.0640000e-01   2.1074160e+03
   7.0680000e-01   2.0857535e+03
   7.0720000e-01   2.0625346e+03
   7.0760000e-01   2.0380490e+03
   7.0800000e-01   2.0122825e+03
   7.0840000e-01   1.9850858e+03
   7.0880000e-01   1.9566079e+03
   7.0960000e-01   1.8975529e+03
   7.1120000e-01   1.7763134e+03
   7.1160000e-01   1.7465627e+03
   7.1200000e-01   1.7177481e+03
   7.1240000e-01   1.6901580e+03
   7.1280000e-01   1.6637706e+03
   7.1320000e-01   1.6383687e+03
   7.1360000e-01   1.6138749e+03
   7.1400000e-01   1.5903995e+03
   7.1440000e-01   1.5679212e+03
   7.1480000e-01   1.5461420e+03
   7.1560000e-01   1.5037548e+03
   7.1720000e-01   1.4215565e+03
   7.1760000e-01   1.4003967e+03
   7.1800000e-01   1.3785875e+03
   7.1840000e-01   1.3559349e+03
   7.1880000e-01   1.3324424e+03
   7.1920000e-01   1.3082226e+03
   7.1960000e-01   1.2832931e+03
   7.2000000e-01   1.2576552e+03
   7.2160000e-01   1.1536050e+03
   7.2200000e-01   1.1280791e+03
   7.2240000e-01   1.1031253e+03
   7.2280000e-01   1.0790346e+03
   7.2320000e-01   1.0557915e+03
   7.2400000e-01   1.0110731e+03
   7.2640000e-01   8.8211707e+02
   7.2720000e-01   8.3797113e+02
   7.2760000e-01   8.1515427e+02
   7.2800000e-01   7.9171034e+02
   7.2960000e-01   6.9479046e+02
   7.3040000e-01   6.4681156e+02
   7.3080000e-01   6.2366633e+02
   7.3120000e-01   6.0133296e+02
   7.3240000e-01   5.3649453e+02
   7.3360000e-01   4.7300986e+02
   7.3440000e-01   4.2950819e+02
   7.3520000e-01   3.8480113e+02
   7.3720000e-01   2.7054275e+02
   7.3840000e-01   2.0372151e+02
   7.3920000e-01   1.6067771e+02
   7.4120000e-01   5.5937503e+01
   7.4160000e-01   3.4356055e+01
   7.4280000e-01  -3.2227529e+01
   7.4400000e-01  -9.8182063e+01
   7.4480000e-01  -1.4098944e+02
   7.4800000e-01  -3.0797142e+02
   7.5080000e-01  -4.5649091e+02
   7.5160000e-01  -4.9819542e+02
   7.5400000e-01  -6.2006047e+02
   7.5560000e-01  -7.0338289e+02
   7.5720000e-01  -7.8506493e+02
   7.6040000e-01  -9.4509355e+02
   7.6240000e-01  -1.0463145e+03
   7.6320000e-01  -1.0859352e+03
   7.6560000e-01  -1.2024261e+03
   7.6720000e-01  -1.2824296e+03
   7.6800000e-01  -1.3215371e+03
   7.7040000e-01  -1.4359243e+03
   7.7200000e-01  -1.5133535e+03
   7.7280000e-01  -1.5525075e+03
   7.7440000e-01  -1.6277793e+03
   7.7560000e-01  -1.6832874e+03
   7.7800000e-01  -1.7980108e+03
   7.8040000e-01  -1.9074032e+03
   7.8240000e-01  -2.0016771e+03
   7.8280000e-01  -2.0199960e+03
   7.8440000e-01  -2.0912391e+03
   7.8720000e-01  -2.2193801e+03
   7.8760000e-01  -2.2373218e+03
   7.8960000e-01  -2.3252050e+03
   7.9120000e-01  -2.3974121e+03
   7.9160000e-01  -2.4151142e+03
   7.9240000e-01  -2.4496142e+03
   7.9360000e-01  -2.5002053e+03
   7.9520000e-01  -2.5686757e+03
   7.9600000e-01  -2.6019725e+03
   7.9640000e-01  -2.6177443e+03
   7.9680000e-01  -2.6329321e+03
   7.9760000e-01  -2.6624645e+03
   7.9840000e-01  -2.6908422e+03
   7.9920000e-01  -2.7179946e+03
   7.9960000e-01  -2.7304934e+03
   8.0000000e-01  -2.7419071e+03
   8.0040000e-01  -2.7522504e+03
   8.0080000e-01  -2.7614847e+03
   8.0120000e-01  -2.7694864e+03
   8.0160000e-01  -2.7763239e+03
   8.0200000e-01  -2.7821839e+03
   8.0240000e-01  -2.7869199e+03
   8.0280000e-01  -2.7900496e+03
   8.0320000e-01  -2.7913561e+03
   8.0360000e-01  -2.7911057e+03
   8.0400000e-01  -2.7894280e+03
   8.0440000e-01  -2.7858616e+03
   8.0480000e-01  -2.7798773e+03
   8.0520000e-01  -2.7715650e+03
   8.0560000e-01  -2.7613809e+03
   8.0600000e-01  -2.7494206e+03
   8.0640000e-01  -2.7354096e+03
   8.0680000e-01  -2.7193185e+03
   8.0720000e-01  -2.7015006e+03
   8.0760000e-01  -2.6821818e+03
   8.0800000e-01  -2.6612352e+03
   8.0840000e-01  -2.6385738e+03
   8.0880000e-01  -2.6144229e+03
   8.0920000e-01  -2.5890849e+03
   8.0960000e-01  -2.5627486e+03
   8.1120000e-01  -2.4540210e+03
   8.1160000e-01  -2.4273483e+03
   8.1200000e-01  -2.4013756e+03
   8.1240000e-01  -2.3763273e+03
   8.1280000e-01  -2.3521365e+03
   8.1320000e-01  -2.3287452e+03
   8.1360000e-01  -2.3063920e+03
   8.1400000e-01  -2.2853619e+03
   8.1440000e-01  -2.2656274e+03
   8.1480000e-01  -2.2469883e+03
   8.1520000e-01  -2.2294013e+03
   8.1560000e-01  -2.2128581e+03
   8.1720000e-01  -2.1500238e+03
   8.1800000e-01  -2.1175486e+03
   8.1840000e-01  -2.1002705e+03
   8.1880000e-01  -2.0822889e+03
   8.1920000e-01  -2.0635883e+03
   8.1960000e-01  -2.0439317e+03
   8.2000000e-01  -2.0232282e+03
   8.2040000e-01  -2.0017971e+03
   8.2120000e-01  -1.9579818e+03
   8.2240000e-01  -1.8902656e+03
   8.2280000e-01  -1.8683167e+03
   8.2320000e-01  -1.8470900e+03
   8.2360000e-01  -1.8266472e+03
   8.2400000e-01  -1.8070771e+03
   8.2440000e-01  -1.7883789e+03
   8.2480000e-01  -1.7704068e+03
   8.2520000e-01  -1.7529834e+03
   8.2680000e-01  -1.6850818e+03
   8.2760000e-01  -1.6502241e+03
   8.2800000e-01  -1.6321381e+03
   8.2840000e-01  -1.6133723e+03
   8.2920000e-01  -1.5739972e+03
   8.3080000e-01  -1.4908416e+03
   8.3160000e-01  -1.4511020e+03
   8.3200000e-01  -1.4320873e+03
   8.3280000e-01  -1.3958255e+03
   8.3360000e-01  -1.3609011e+03
   8.3520000e-01  -1.2921376e+03
   8.3600000e-01  -1.2562640e+03
   8.3680000e-01  -1.2184641e+03
   8.3840000e-01  -1.1402087e+03
   8.3880000e-01  -1.1210989e+03
   8.3920000e-01  -1.1027367e+03
   8.3960000e-01  -1.0850340e+03
   8.4160000e-01  -9.9917005e+02
   8.4320000e-01  -9.2946071e+02
   8.4520000e-01  -8.3798503e+02
   8.4560000e-01  -8.2001947e+02
   8.4600000e-01  -8.0271432e+02
   8.4680000e-01  -7.6999635e+02
   8.4880000e-01  -6.9098380e+02
   8.4960000e-01  -6.6015103e+02
   8.5040000e-01  -6.3023188e+02
   8.5120000e-01  -6.0195410e+02
   8.5200000e-01  -5.7537499e+02
   8.5240000e-01  -5.6331699e+02
   8.5280000e-01  -5.5236198e+02
   8.5320000e-01  -5.4226683e+02
   8.5360000e-01  -5.3286942e+02
   8.5400000e-01  -5.2428355e+02
   8.5480000e-01  -5.0928547e+02
   8.5520000e-01  -5.0247412e+02
   8.5560000e-01  -4.9637539e+02
   8.5600000e-01  -4.9126592e+02
   8.5640000e-01  -4.8702500e+02
   8.5680000e-01  -4.8349347e+02
   8.5720000e-01  -4.8089616e+02
   8.5760000e-01  -4.7950218e+02
   8.5840000e-01  -4.7915597e+02
   8.5880000e-01  -4.7960504e+02
   8.5920000e-01  -4.8066701e+02
   8.6040000e-01  -4.8637787e+02
   8.6160000e-01  -4.9344032e+02
   8.6200000e-01  -4.9521922e+02
   8.6320000e-01  -4.9875869e+02
   8.6400000e-01  -4.9951158e+02
   8.6440000e-01  -4.9923341e+02
   8.6480000e-01  -4.9834635e+02
   8.6560000e-01  -4.9488136e+02
   8.6600000e-01  -4.9258734e+02
   8.6720000e-01  -4.8409793e+02
   8.6760000e-01  -4.8179436e+02
   8.6880000e-01  -4.7551781e+02
   8.6960000e-01  -4.7279474e+02
   8.7040000e-01  -4.7122158e+02
   8.7080000e-01  -4.7100309e+02
   8.7200000e-01  -4.7212784e+02
   8.7320000e-01  -4.7430728e+02
   8.7360000e-01  -4.7469109e+02
   8.7440000e-01  -4.7457212e+02
   8.7480000e-01  -4.7386839e+02
   8.7560000e-01  -4.7087069e+02
   8.7720000e-01  -4.6273246e+02
   8.7760000e-01  -4.6109558e+02
   8.7840000e-01  -4.5916685e+02
   8.8080000e-01  -4.5670761e+02
   8.8240000e-01  -4.5676767e+02
   8.8320000e-01  -4.5626552e+02
   8.8440000e-01  -4.5301474e+02
   8.8600000e-01  -4.4607561e+02
   8.8680000e-01  -4.4366875e+02
   8.8720000e-01  -4.4298792e+02
   8.8760000e-01  -4.4301735e+02
   8.8880000e-01  -4.4466184e+02
   8.8960000e-01  -4.4406917e+02
   8.9200000e-01  -4.3725591e+02
   8.9440000e-01  -4.3179354e+02
   8.9560000e-01  -4.2986284e+02
   8.9680000e-01  -4.2887205e+02
   8.9800000e-01  -4.2670619e+02
   8.9840000e-01  -4.2537066e+02
   8.9960000e-01  -4.1832734e+02
   9.0040000e-01  -4.1424203e+02
   9.0080000e-01  -4.1274141e+02
   9.0200000e-01  -4.0999859e+02
   9.0240000e-01  -4.0820316e+02
   9.0320000e-01  -4.0316859e+02
   9.0360000e-01  -3.9992568e+02
   9.0520000e-01  -3.8421616e+02
   9.0680000e-01  -3.6652592e+02
   9.0760000e-01  -3.5647130e+02
   9.0840000e-01  -3.4526682e+02
   9.1040000e-01  -3.1435363e+02
   9.1120000e-01  -3.0083694e+02
   9.1240000e-01  -2.7899583e+02
   9.1280000e-01  -2.7235566e+02
   9.1360000e-01  -2.6046488e+02
   9.1400000e-01  -2.5490105e+02
   9.1520000e-01  -2.3951684e+02
   9.1680000e-01  -2.1664803e+02
   9.1760000e-01  -2.0589552e+02
   9.1960000e-01  -1.8303577e+02
   9.2040000e-01  -1.7290710e+02
   9.2280000e-01  -1.3730265e+02
   9.2480000e-01  -1.0884392e+02
   9.2560000e-01  -9.8119142e+01
   9.2680000e-01  -8.3077902e+01
   9.2880000e-01  -5.6903624e+01
   9.3000000e-01  -4.2591536e+01
   9.3120000e-01  -2.7138281e+01
   9.3160000e-01  -2.1650316e+01
   9.3280000e-01  -4.0148890e+00
   9.3400000e-01   1.2459781e+01
   9.3680000e-01   4.6043708e+01
   9.3800000e-01   6.1789520e+01
   9.4160000e-01   1.0752856e+02
   9.4280000e-01   1.2357912e+02
   9.4400000e-01   1.3789222e+02
   9.4520000e-01   1.5095605e+02
   9.4760000e-01   1.8238123e+02
   9.4920000e-01   2.0190549e+02
   9.5040000e-01   2.1564862e+02
   9.5320000e-01   2.4912733e+02
   9.5440000e-01   2.6421430e+02
   9.5680000e-01   2.9245717e+02
   9.5760000e-01   3.0227604e+02
   9.5880000e-01   3.1515443e+02
   9.5960000e-01   3.2421801e+02
   9.6000000e-01   3.2901208e+02
   9.6120000e-01   3.4474968e+02
   9.6160000e-01   3.4941562e+02
   9.6360000e-01   3.7059814e+02
   9.6600000e-01   3.9939362e+02
   9.6720000e-01   4.1207230e+02
   9.6920000e-01   4.3552916e+02
   9.7040000e-01   4.4784247e+02
   9.7280000e-01   4.7556668e+02
   9.7360000e-01   4.8388589e+02
   9.7480000e-01   4.9741662e+02
   9.7680000e-01   5.1832126e+02
   9.7920000e-01   5.4569367e+02
   9.8040000e-01   5.5727751e+02
   9.8280000e-01   5.8397053e+02
   9.8520000e-01   6.0867934e+02
   9.8640000e-01   6.2194252e+02
   9.8720000e-01   6.2960724e+02
   9.8840000e-01   6.4190473e+02
   9.8960000e-01   6.5552493e+02
   9.9040000e-01   6.6303542e+02
   9.9200000e-01   6.7896244e+02
   9.9480000e-01   7.0800181e+02
   9.9680000e-01   7.2636389e+02
   9.9800000e-01   7.3807717e+02
   1.0000000e+00   7.5475529e+02
