   0.0000000e+00  -1.2255366e-01
   2.8000000e-03  -1.2105943e-01
   3.2000000e-03  -1.2099899e-01
   3.6000000e-03  -1.2067194e-01
   5.6000000e-03  -1.1984611e-01
   6.0000000e-03  -1.1951677e-01
   7.2000000e-03  -1.1908372e-01
   7.6000000e-03  -1.1875273e-01
   8.0000000e-03  -1.1870437e-01
   8.4000000e-03  -1.1837251e-01
   8.8000000e-03  -1.1832625e-01
   9.2000000e-03  -1.1799350e-01
   9.6000000e-03  -1.1794935e-01
   1.0000000e-02  -1.1761567e-01
   1.0400000e-02  -1.1757367e-01
   1.0800000e-02  -1.1723904e-01
   1.2000000e-02  -1.1682596e-01
   1.2400000e-02  -1.1648932e-01
   1.2800000e-02  -1.1645392e-01
   1.3200000e-02  -1.1611623e-01
   1.3600000e-02  -1.1608309e-01
   1.4000000e-02  -1.1574432e-01
   1.4400000e-02  -1.1571346e-01
   1.4800000e-02  -1.1537357e-01
   1.5200000e-02  -1.1534503e-01
   1.5600000e-02  -1.1500399e-01
   1.6000000e-02  -1.1497780e-01
   1.6400000e-02  -1.1463557e-01
   1.6800000e-02  -1.1461176e-01
   1.7200000e-02  -1.1426830e-01
   1.7600000e-02  -1.1424691e-01
   1.8000000e-02  -1.1390219e-01
   1.8400000e-02  -1.1388325e-01
   1.8800000e-02  -1.1353722e-01
   1.9200000e-02  -1.1352077e-01
   1.9600000e-02  -1.1317340e-01
   2.0000000e-02  -1.1315947e-01
   2.0400000e-02  -1.1281071e-01
   2.0800000e-02  -1.1279935e-01
   2.1200000e-02  -1.1244916e-01
   2.1600000e-02  -1.1244040e-01
   2.2000000e-02  -1.1208874e-01
   2.2400000e-02  -1.1208262e-01
   2.2800000e-02  -1.1172945e-01
   2.3200000e-02  -1.1172601e-01
   2.3600000e-02  -1.1137128e-01
   2.4000000e-02  -1.1137057e-01
   2.4400000e-02  -1.1101422e-01
   2.4800000e-02  -1.1101629e-01
   2.5200000e-02  -1.1065828e-01
   2.5600000e-02  -1.1066316e-01
   2.6000000e-02  -1.1030344e-01
   2.6400000e-02  -1.1031120e-01
   2.6800000e-02  -1.0994971e-01
   2.7200000e-02  -1.0996038e-01
   2.7600000e-02  -1.0959708e-01
   2.8000000e-02  -1.0961072e-01
   2.8400000e-02  -1.0924555e-01
   2.8800000e-02  -1.0926221e-01
   2.9200000e-02  -1.0889510e-01
   2.9600000e-02  -1.0891484e-01
   3.0000000e-02  -1.0854574e-01
   3.0400000e-02  -1.0856862e-01
   3.0800000e-02  -1.0819747e-01
   3.1200000e-02  -1.0822354e-01
   3.1600000e-02  -1.0785027e-01
   3.2000000e-02  -1.0787959e-01
   3.2400000e-02  -1.0750414e-01
   3.2800000e-02  -1.0753678e-01
   3.3200000e-02  -1.0715908e-01
   3.3600000e-02  -1.0719511e-01
   3.4000000e-02  -1.0681508e-01
   3.4400000e-02  -1.0685456e-01
   3.4800000e-02  -1.0647214e-01
   3.5200000e-02  -1.0651515e-01
   3.5600000e-02  -1.0613025e-01
   3.6000000e-02  -1.0617686e-01
   3.6400000e-02  -1.0578941e-01
   3.6800000e-02  -1.0583969e-01
   3.7200000e-02  -1.0544961e-01
   3.7600000e-02  -1.0550365e-01
   3.8000000e-02  -1.0511085e-01
   3.8400000e-02  -1.0516873e-01
   3.8800000e-02  -1.0477313e-01
   3.9200000e-02  -1.0483493e-01
   3.9600000e-02  -1.0443643e-01
   4.0000000e-02  -1.0450225e-01
   4.0400000e-02  -1.0410075e-01
   4.0800000e-02  -1.0417069e-01
   4.1200000e-02  -1.0376609e-01
   4.1600000e-02  -1.0384024e-01
   4.2000000e-02  -1.0343245e-01
   4.2400000e-02  -1.0351090e-01
   4.2800000e-02  -1.0309981e-01
   4.3200000e-02  -1.0318267e-01
   4.3600000e-02  -1.0276816e-01
   4.4000000e-02  -1.0285556e-01
   4.4400000e-02  -1.0243752e-01
   4.4800000e-02  -1.0252956e-01
   4.5200000e-02  -1.0210786e-01
   4.5600000e-02  -1.0220466e-01
   4.6000000e-02  -1.0177919e-01
   4.6400000e-02  -1.0188088e-01
   4.6800000e-02  -1.0145149e-01
   4.7200000e-02  -1.0155820e-01
   4.7600000e-02  -1.0112476e-01
   4.8000000e-02  -1.0123664e-01
   4.8400000e-02  -1.0079900e-01
   4.8800000e-02  -1.0091618e-01
   4.9200000e-02  -1.0047419e-01
   4.9600000e-02  -1.0059683e-01
   5.0000000e-02  -1.0015034e-01
   5.0400000e-02  -1.0027859e-01
   5.0800000e-02  -9.9827421e-02
   5.1200000e-02  -9.9961459e-02
   5.1600000e-02  -9.9505442e-02
   5.2000000e-02  -9.9645440e-02
   5.2400000e-02  -9.9184391e-02
   5.2800000e-02  -9.9330533e-02
   5.3200000e-02  -9.8864259e-02
   5.3600000e-02  -9.9016741e-02
   5.4000000e-02  -9.8545038e-02
   5.4400000e-02  -9.8704064e-02
   5.4800000e-02  -9.8226721e-02
   5.5200000e-02  -9.8392506e-02
   5.5600000e-02  -9.7909297e-02
   5.6000000e-02  -9.8082068e-02
   5.6400000e-02  -9.7592757e-02
   5.6800000e-02  -9.7772755e-02
   5.7200000e-02  -9.7277092e-02
   5.7600000e-02  -9.7464570e-02
   5.8000000e-02  -9.6962290e-02
   5.8400000e-02  -9.7157518e-02
   5.8800000e-02  -9.6648342e-02
   5.9200000e-02  -9.6851602e-02
   5.9600000e-02  -9.6335236e-02
   6.0000000e-02  -9.6546830e-02
   6.0400000e-02  -9.6022959e-02
   6.0800000e-02  -9.6243206e-02
   6.1200000e-02  -9.5711498e-02
   6.1600000e-02  -9.5940738e-02
   6.2000000e-02  -9.5400840e-02
   6.2400000e-02  -9.5639433e-02
   6.2800000e-02  -9.5090970e-02
   6.3200000e-02  -9.5339302e-02
   6.3600000e-02  -9.4781873e-02
   6.4000000e-02  -9.5040352e-02
   6.4400000e-02  -9.4473532e-02
   6.4800000e-02  -9.4742597e-02
   6.5200000e-02  -9.4165929e-02
   6.5600000e-02  -9.4446047e-02
   6.6000000e-02  -9.3859045e-02
   6.6400000e-02  -9.4150717e-02
   6.6800000e-02  -9.3552859e-02
   6.7200000e-02  -9.3856622e-02
   6.7600000e-02  -9.3247347e-02
   6.8000000e-02  -9.3563780e-02
   6.8400000e-02  -9.2942487e-02
   6.8800000e-02  -9.3272209e-02
   6.9200000e-02  -9.2638251e-02
   6.9600000e-02  -9.2981933e-02
   7.0000000e-02  -9.2334610e-02
   7.0400000e-02  -9.2692975e-02
   7.0800000e-02  -9.2031532e-02
   7.1200000e-02  -9.2405363e-02
   7.1600000e-02  -9.1728981e-02
   7.2000000e-02  -9.2119128e-02
   7.2400000e-02  -9.1426920e-02
   7.2800000e-02  -9.1834304e-02
   7.3200000e-02  -9.1125304e-02
   7.3600000e-02  -9.1550932e-02
   7.4000000e-02  -9.0824086e-02
   7.4400000e-02  -9.1269055e-02
   7.4800000e-02  -9.0523211e-02
   7.5200000e-02  -9.0988726e-02
   7.5600000e-02  -9.0222621e-02
   7.6000000e-02  -9.0710000e-02
   7.6400000e-02  -8.9922248e-02
   7.6800000e-02  -9.0432946e-02
   7.7200000e-02  -8.9622013e-02
   7.7600000e-02  -9.0157638e-02
   7.8000000e-02  -8.9321831e-02
   7.8400000e-02  -8.9884164e-02
   7.8800000e-02  -8.9021601e-02
   7.9200000e-02  -8.9612625e-02
   7.9600000e-02  -8.8721209e-02
   8.0000000e-02  -8.9343138e-02
   8.0400000e-02  -8.8420521e-02
   8.0800000e-02  -8.9075842e-02
   8.1200000e-02  -8.8119384e-02
   8.1600000e-02  -8.8810896e-02
   8.2000000e-02  -8.7817617e-02
   8.2400000e-02  -8.8548491e-02
   8.2800000e-02  -8.7515007e-02
   8.3200000e-02  -8.8288853e-02
   8.3600000e-02  -8.7211300e-02
   8.4000000e-02  -8.8032254e-02
   8.4400000e-02  -8.6906192e-02
   8.4800000e-02  -8.7779022e-02
   8.5200000e-02  -8.6599318e-02
   8.5600000e-02  -8.7529555e-02
   8.6000000e-02  -8.6290228e-02
   8.6400000e-02  -8.7284344e-02
   8.6800000e-02  -8.5978371e-02
   8.7200000e-02  -8.7044002e-02
   8.7600000e-02  -8.5663054e-02
   8.8000000e-02  -8.6809299e-02
   8.8400000e-02  -8.5343403e-02
   8.8800000e-02  -8.6581218e-02
   8.9200000e-02  -8.5018294e-02
   8.9600000e-02  -8.6361038e-02
   9.0000000e-02  -8.4686256e-02
   9.0400000e-02  -8.6150446e-02
   9.0800000e-02  -8.4345328e-02
   9.1200000e-02  -8.5951719e-02
   9.1600000e-02  -8.3992838e-02
   9.2000000e-02  -8.5768003e-02
   9.2400000e-02  -8.3625043e-02
   9.2800000e-02  -8.5603771e-02
   9.3200000e-02  -8.3236539e-02
   9.3600000e-02  -8.5465599e-02
   9.4000000e-02  -8.2819225e-02
   9.4400000e-02  -8.5363565e-02
   9.4800000e-02  -8.2360390e-02
   9.5200000e-02  -8.5313918e-02
   9.5600000e-02  -8.1838912e-02
   9.6000000e-02  -8.5344609e-02
   9.6400000e-02  -8.1217000e-02
   9.6800000e-02  -8.5507980e-02
   9.7200000e-02  -8.0420039e-02
   9.7600000e-02  -8.5914049e-02
   9.8000000e-02  -7.9279094e-02
   9.8400000e-02  -8.6835057e-02
   9.8800000e-02  -7.7330055e-02
   9.9200000e-02  -8.9105411e-02
   9.9600000e-02  -7.3159809e-02
   1.0000000e-01  -8.8160322e-02
   1.0040000e-01   3.8759868e-01
   1.0080000e-01   1.0574876e+00
   1.0120000e-01   1.5556449e+00
   1.0160000e-01   1.9955160e+00
   1.0200000e-01   2.3274452e+00
   1.0240000e-01   2.6185064e+00
   1.0280000e-01   2.8433600e+00
   1.0320000e-01   3.0402299e+00
   1.0360000e-01   3.1910622e+00
   1.0400000e-01   3.3241086e+00
   1.0440000e-01   3.4245709e+00
   1.0480000e-01   3.5141426e+00
   1.0520000e-01   3.5801535e+00
   1.0560000e-01   3.6400340e+00
   1.0600000e-01   3.6825330e+00
   1.0640000e-01   3.7221000e+00
   1.0680000e-01   3.7485699e+00
   1.0720000e-01   3.7742264e+00
   1.0760000e-01   3.7897833e+00
   1.0800000e-01   3.8059043e+00
   1.0840000e-01   3.8140438e+00
   1.0880000e-01   3.8236212e+00
   1.0920000e-01   3.8267295e+00
   1.0960000e-01   3.8318108e+00
   1.1000000e-01   3.8315158e+00
   1.1040000e-01   3.8335030e+00
   1.1080000e-01   3.8309145e+00
   1.1120000e-01   3.8307686e+00
   1.1160000e-01   3.8266426e+00
   1.1200000e-01   3.8250226e+00
   1.1240000e-01   3.8198732e+00
   1.1280000e-01   3.8172317e+00
   1.1320000e-01   3.8114084e+00
   1.1360000e-01   3.8080566e+00
   1.1400000e-01   3.8017963e+00
   1.1440000e-01   3.7979485e+00
   1.1480000e-01   3.7914117e+00
   1.1520000e-01   3.7872158e+00
   1.1560000e-01   3.7805106e+00
   1.1600000e-01   3.7760690e+00
   1.1640000e-01   3.7692681e+00
   1.1680000e-01   3.7646519e+00
   1.1720000e-01   3.7578039e+00
   1.1760000e-01   3.7530628e+00
   1.1800000e-01   3.7461998e+00
   1.1840000e-01   3.7413685e+00
   1.1880000e-01   3.7345117e+00
   1.1920000e-01   3.7296149e+00
   1.1960000e-01   3.7227779e+00
   1.2000000e-01   3.7178330e+00
   1.2040000e-01   3.7110245e+00
   1.2080000e-01   3.7060442e+00
   1.2120000e-01   3.6992693e+00
   1.2160000e-01   3.6942627e+00
   1.2200000e-01   3.6875245e+00
   1.2240000e-01   3.6824985e+00
   1.2280000e-01   3.6757984e+00
   1.2320000e-01   3.6707581e+00
   1.2360000e-01   3.6640967e+00
   1.2400000e-01   3.6590460e+00
   1.2440000e-01   3.6524233e+00
   1.2480000e-01   3.6473653e+00
   1.2520000e-01   3.6407808e+00
   1.2560000e-01   3.6357178e+00
   1.2600000e-01   3.6291708e+00
   1.2640000e-01   3.6241051e+00
   1.2680000e-01   3.6175947e+00
   1.2720000e-01   3.6125277e+00
   1.2760000e-01   3.6060532e+00
   1.2800000e-01   3.6009865e+00
   1.2840000e-01   3.5945468e+00
   1.2880000e-01   3.5894815e+00
   1.2920000e-01   3.5830759e+00
   1.2960000e-01   3.5780130e+00
   1.3000000e-01   3.5716405e+00
   1.3040000e-01   3.5665811e+00
   1.3080000e-01   3.5602409e+00
   1.3120000e-01   3.5551858e+00
   1.3160000e-01   3.5488771e+00
   1.3200000e-01   3.5438269e+00
   1.3240000e-01   3.5375490e+00
   1.3280000e-01   3.5325046e+00
   1.3320000e-01   3.5262567e+00
   1.3360000e-01   3.5212186e+00
   1.3400000e-01   3.5150000e+00
   1.3440000e-01   3.5099688e+00
   1.3480000e-01   3.5037790e+00
   1.3520000e-01   3.4987552e+00
   1.3560000e-01   3.4925935e+00
   1.3600000e-01   3.4875776e+00
   1.3640000e-01   3.4814434e+00
   1.3680000e-01   3.4764360e+00
   1.3720000e-01   3.4703287e+00
   1.3760000e-01   3.4653301e+00
   1.3800000e-01   3.4592493e+00
   1.3840000e-01   3.4542599e+00
   1.3880000e-01   3.4482050e+00
   1.3920000e-01   3.4432252e+00
   1.3960000e-01   3.4371959e+00
   1.4000000e-01   3.4322260e+00
   1.4040000e-01   3.4262217e+00
   1.4080000e-01   3.4212620e+00
   1.4120000e-01   3.4152823e+00
   1.4160000e-01   3.4103333e+00
   1.4200000e-01   3.4043778e+00
   1.4240000e-01   3.3994395e+00
   1.4280000e-01   3.3935079e+00
   1.4320000e-01   3.3885808e+00
   1.4360000e-01   3.3826726e+00
   1.4400000e-01   3.3777568e+00
   1.4440000e-01   3.3718717e+00
   1.4480000e-01   3.3669676e+00
   1.4520000e-01   3.3611052e+00
   1.4560000e-01   3.3562129e+00
   1.4600000e-01   3.3503729e+00
   1.4640000e-01   3.3454928e+00
   1.4680000e-01   3.3396748e+00
   1.4720000e-01   3.3348070e+00
   1.4760000e-01   3.3290108e+00
   1.4800000e-01   3.3241554e+00
   1.4840000e-01   3.3183806e+00
   1.4880000e-01   3.3135380e+00
   1.4920000e-01   3.3077843e+00
   1.4960000e-01   3.3029545e+00
   1.5000000e-01   3.2972218e+00
   1.5040000e-01   3.2924050e+00
   1.5080000e-01   3.2866928e+00
   1.5120000e-01   3.2818893e+00
   1.5160000e-01   3.2761974e+00
   1.5200000e-01   3.2714073e+00
   1.5240000e-01   3.2657354e+00
   1.5280000e-01   3.2609589e+00
   1.5320000e-01   3.2553067e+00
   1.5360000e-01   3.2505439e+00
   1.5400000e-01   3.2449112e+00
   1.5440000e-01   3.2401623e+00
   1.5480000e-01   3.2345488e+00
   1.5520000e-01   3.2298140e+00
   1.5560000e-01   3.2242194e+00
   1.5600000e-01   3.2194988e+00
   1.5640000e-01   3.2139229e+00
   1.5680000e-01   3.2092166e+00
   1.5720000e-01   3.2036591e+00
   1.5760000e-01   3.1989674e+00
   1.5800000e-01   3.1934281e+00
   1.5840000e-01   3.1887510e+00
   1.5880000e-01   3.1832296e+00
   1.5920000e-01   3.1785674e+00
   1.5960000e-01   3.1730636e+00
   1.6000000e-01   3.1684163e+00
   1.6040000e-01   3.1629300e+00
   1.6080000e-01   3.1582978e+00
   1.6120000e-01   3.1528286e+00
   1.6160000e-01   3.1482117e+00
   1.6200000e-01   3.1427593e+00
   1.6240000e-01   3.1381579e+00
   1.6280000e-01   3.1327222e+00
   1.6320000e-01   3.1281363e+00
   1.6360000e-01   3.1227169e+00
   1.6400000e-01   3.1181469e+00
   1.6440000e-01   3.1127435e+00
   1.6480000e-01   3.1081895e+00
   1.6520000e-01   3.1028019e+00
   1.6560000e-01   3.0982640e+00
   1.6600000e-01   3.0928918e+00
   1.6640000e-01   3.0883703e+00
   1.6680000e-01   3.0830133e+00
   1.6720000e-01   3.0785083e+00
   1.6760000e-01   3.0731662e+00
   1.6800000e-01   3.0686780e+00
   1.6840000e-01   3.0633504e+00
   1.6880000e-01   3.0588792e+00
   1.6920000e-01   3.0535659e+00
   1.6960000e-01   3.0491118e+00
   1.7000000e-01   3.0438124e+00
   1.7040000e-01   3.0393758e+00
   1.7080000e-01   3.0340899e+00
   1.7120000e-01   3.0296710e+00
   1.7160000e-01   3.0243983e+00
   1.7200000e-01   3.0199975e+00
   1.7240000e-01   3.0147374e+00
   1.7280000e-01   3.0103550e+00
   1.7320000e-01   3.0051072e+00
   1.7360000e-01   3.0007435e+00
   1.7400000e-01   2.9955076e+00
   1.7440000e-01   2.9911629e+00
   1.7480000e-01   2.9859384e+00
   1.7520000e-01   2.9816131e+00
   1.7560000e-01   2.9763995e+00
   1.7600000e-01   2.9720941e+00
   1.7640000e-01   2.9668907e+00
   1.7680000e-01   2.9626058e+00
   1.7720000e-01   2.9574121e+00
   1.7760000e-01   2.9531481e+00
   1.7800000e-01   2.9479634e+00
   1.7840000e-01   2.9437209e+00
   1.7880000e-01   2.9385446e+00
   1.7920000e-01   2.9343242e+00
   1.7960000e-01   2.9291554e+00
   1.8000000e-01   2.9249580e+00
   1.8040000e-01   2.9197958e+00
   1.8080000e-01   2.9156220e+00
   1.8120000e-01   2.9104656e+00
   1.8160000e-01   2.9063165e+00
   1.8200000e-01   2.9011646e+00
   1.8240000e-01   2.8970412e+00
   1.8280000e-01   2.8918928e+00
   1.8320000e-01   2.8877962e+00
   1.8360000e-01   2.8826498e+00
   1.8400000e-01   2.8785815e+00
   1.8440000e-01   2.8734356e+00
   1.8480000e-01   2.8693970e+00
   1.8520000e-01   2.8642498e+00
   1.8560000e-01   2.8602429e+00
   1.8600000e-01   2.8550923e+00
   1.8640000e-01   2.8511192e+00
   1.8680000e-01   2.8459628e+00
   1.8720000e-01   2.8420260e+00
   1.8760000e-01   2.8368610e+00
   1.8800000e-01   2.8329635e+00
   1.8840000e-01   2.8277864e+00
   1.8880000e-01   2.8239320e+00
   1.8920000e-01   2.8187386e+00
   1.8960000e-01   2.8149316e+00
   1.9000000e-01   2.8097170e+00
   1.9040000e-01   2.8059631e+00
   1.9080000e-01   2.8007208e+00
   1.9120000e-01   2.7970270e+00
   1.9160000e-01   2.7917491e+00
   1.9200000e-01   2.7881243e+00
   1.9240000e-01   2.7828004e+00
   1.9280000e-01   2.7792565e+00
   1.9320000e-01   2.7738728e+00
   1.9360000e-01   2.7704258e+00
   1.9400000e-01   2.7649633e+00
   1.9440000e-01   2.7616357e+00
   1.9480000e-01   2.7560674e+00
   1.9520000e-01   2.7528918e+00
   1.9560000e-01   2.7471774e+00
   1.9600000e-01   2.7442043e+00
   1.9640000e-01   2.7382792e+00
   1.9680000e-01   2.7355925e+00
   1.9720000e-01   2.7293446e+00
   1.9760000e-01   2.7270990e+00
   1.9800000e-01   2.7203061e+00
   1.9840000e-01   2.7188368e+00
   1.9880000e-01   2.7109570e+00
   1.9920000e-01   2.7112280e+00
   1.9960000e-01   2.7002773e+00
   2.0000000e-01   2.7074704e+00
   2.0040000e-01   2.6165420e+00
   2.0080000e-01   2.4191031e+00
   2.0120000e-01   2.2685221e+00
   2.0160000e-01   2.1339361e+00
   2.0200000e-01   2.0228536e+00
   2.0240000e-01   1.9242976e+00
   2.0280000e-01   1.8467844e+00
   2.0320000e-01   1.7785797e+00
   2.0360000e-01   1.7246529e+00
   2.0400000e-01   1.6770623e+00
   2.0440000e-01   1.6396180e+00
   2.0480000e-01   1.6061934e+00
   2.0520000e-01   1.5800131e+00
   2.0560000e-01   1.5562842e+00
   2.0600000e-01   1.5378056e+00
   2.0640000e-01   1.5207150e+00
   2.0680000e-01   1.5074918e+00
   2.0720000e-01   1.4949517e+00
   2.0800000e-01   1.4758946e+00
   2.0880000e-01   1.4614248e+00
   2.0920000e-01   1.4558851e+00
   2.0960000e-01   1.4500944e+00
   2.1000000e-01   1.4456827e+00
   2.1040000e-01   1.4409135e+00
   2.1080000e-01   1.4372671e+00
   2.1120000e-01   1.4332059e+00
   2.1160000e-01   1.4300775e+00
   2.1200000e-01   1.4265094e+00
   2.1240000e-01   1.4237308e+00
   2.1280000e-01   1.4205082e+00
   2.1320000e-01   1.4179650e+00
   2.1360000e-01   1.4149863e+00
   2.1400000e-01   1.4126010e+00
   2.1440000e-01   1.4097964e+00
   2.1480000e-01   1.4075165e+00
   2.1520000e-01   1.4048376e+00
   2.1560000e-01   1.4026276e+00
   2.1600000e-01   1.4000411e+00
   2.1640000e-01   1.3978771e+00
   2.1680000e-01   1.3953598e+00
   2.1720000e-01   1.3932260e+00
   2.1760000e-01   1.3907617e+00
   2.1800000e-01   1.3886472e+00
   2.1840000e-01   1.3862246e+00
   2.1880000e-01   1.3841226e+00
   2.1920000e-01   1.3817337e+00
   2.1960000e-01   1.3796396e+00
   2.2000000e-01   1.3772785e+00
   2.2040000e-01   1.3751895e+00
   2.2160000e-01   1.3684500e+00
   2.2560000e-01   1.3467141e+00
   2.3040000e-01   1.3211212e+00
   2.3520000e-01   1.2960164e+00
   2.4000000e-01   1.2713867e+00
   2.4480000e-01   1.2472235e+00
   2.4920000e-01   1.2254747e+00
   2.5400000e-01   1.2021763e+00
   2.5880000e-01   1.1793214e+00
   2.6360000e-01   1.1569014e+00
   2.6840000e-01   1.1349080e+00
   2.7240000e-01   1.1169002e+00
   2.7640000e-01   1.0991782e+00
   2.8040000e-01   1.0817375e+00
   2.8520000e-01   1.0611738e+00
   2.8920000e-01   1.0443363e+00
   2.9400000e-01   1.0244838e+00
   2.9800000e-01   1.0082287e+00
   3.0280000e-01   9.8906272e-01
   3.0680000e-01   9.7336975e-01
   3.1160000e-01   9.5486657e-01
   3.1640000e-01   9.3671520e-01
   3.2120000e-01   9.1890893e-01
   3.2520000e-01   9.0432926e-01
   3.3000000e-01   8.8713873e-01
   3.3480000e-01   8.7027504e-01
   3.3960000e-01   8.5373196e-01
   3.4360000e-01   8.4018658e-01
   3.4840000e-01   8.2421556e-01
   3.5320000e-01   8.0854818e-01
   3.5800000e-01   7.9317869e-01
   3.6280000e-01   7.7810142e-01
   3.6760000e-01   7.6331081e-01
   3.7240000e-01   7.4880142e-01
   3.7720000e-01   7.3456792e-01
   3.8200000e-01   7.2060505e-01
   3.8680000e-01   7.0690768e-01
   3.9160000e-01   6.9347078e-01
   3.9720000e-01   6.7811700e-01
   4.0240000e-01   6.6416372e-01
   4.0720000e-01   6.5153713e-01
   4.1200000e-01   6.3915043e-01
   4.1760000e-01   6.2499635e-01
   4.2320000e-01   6.1115541e-01
   4.2880000e-01   5.9762063e-01
   4.3440000e-01   5.8438515e-01
   4.4000000e-01   5.7144225e-01
   4.4560000e-01   5.5878531e-01
   4.5120000e-01   5.4640781e-01
   4.5680000e-01   5.3430326e-01
   4.6320000e-01   5.2079536e-01
   4.6880000e-01   5.0925358e-01
   4.7440000e-01   4.9796332e-01
   4.7640000e-01   4.9412040e-01
   4.7680000e-01   4.9319957e-01
   4.7720000e-01   4.9254533e-01
   4.7760000e-01   4.9162144e-01
   4.7800000e-01   4.9097548e-01
   4.7840000e-01   4.9004813e-01
   4.7880000e-01   4.8941087e-01
   4.7920000e-01   4.8847962e-01
   4.7960000e-01   4.8785150e-01
   4.8000000e-01   4.8691586e-01
   4.8040000e-01   4.8629737e-01
   4.8080000e-01   4.8535680e-01
   4.8120000e-01   4.8474852e-01
   4.8160000e-01   4.8380240e-01
   4.8200000e-01   4.8320496e-01
   4.8240000e-01   4.8225261e-01
   4.8280000e-01   4.8166671e-01
   4.8320000e-01   4.8070734e-01
   4.8360000e-01   4.8013382e-01
   4.8400000e-01   4.7916654e-01
   4.8440000e-01   4.7860633e-01
   4.8480000e-01   4.7763012e-01
   4.8520000e-01   4.7708431e-01
   4.8560000e-01   4.7609797e-01
   4.8600000e-01   4.7556782e-01
   4.8640000e-01   4.7456999e-01
   4.8680000e-01   4.7405697e-01
   4.8720000e-01   4.7304602e-01
   4.8760000e-01   4.7255188e-01
   4.8800000e-01   4.7152590e-01
   4.8840000e-01   4.7105272e-01
   4.8880000e-01   4.7000940e-01
   4.8920000e-01   4.6955970e-01
   4.8960000e-01   4.6849625e-01
   4.9000000e-01   4.6807310e-01
   4.9040000e-01   4.6698610e-01
   4.9080000e-01   4.6659329e-01
   4.9120000e-01   4.6547847e-01
   4.9160000e-01   4.6512080e-01
   4.9200000e-01   4.6397273e-01
   4.9240000e-01   4.6365634e-01
   4.9280000e-01   4.6246799e-01
   4.9320000e-01   4.6220095e-01
   4.9360000e-01   4.6096297e-01
   4.9400000e-01   4.6075616e-01
   4.9440000e-01   4.5945573e-01
   4.9480000e-01   4.5932433e-01
   4.9520000e-01   4.5794325e-01
   4.9560000e-01   4.5790933e-01
   4.9600000e-01   4.5642047e-01
   4.9640000e-01   4.5651787e-01
   4.9680000e-01   4.5487820e-01
   4.9720000e-01   4.5516269e-01
   4.9760000e-01   4.5329808e-01
   4.9800000e-01   4.5387122e-01
   4.9840000e-01   4.5163723e-01
   4.9880000e-01   4.5271423e-01
   4.9920000e-01   4.4976997e-01
   4.9960000e-01   4.5193632e-01
   5.0000000e-01   4.4716811e-01
   5.0040000e-01   4.5232233e-01
   5.0080000e-01   3.6706506e-01
   5.0120000e-01   2.2903736e-01
   5.0160000e-01   1.2718970e-01
   5.0200000e-01   3.4576975e-02
   5.0240000e-01  -4.0887010e-02
   5.0280000e-01  -1.0740695e-01
   5.0320000e-01  -1.5903129e-01
   5.0360000e-01  -2.0446291e-01
   5.0400000e-01  -2.3963099e-01
   5.0440000e-01  -2.7065698e-01
   5.0480000e-01  -2.9433665e-01
   5.0520000e-01  -3.1548867e-01
   5.0560000e-01  -3.3131976e-01
   5.0600000e-01  -3.4571386e-01
   5.0640000e-01  -3.5618233e-01
   5.0680000e-01  -3.6595184e-01
   5.0760000e-01  -3.7936491e-01
   5.0840000e-01  -3.8811508e-01
   5.0880000e-01  -3.9074302e-01
   5.0920000e-01  -3.9368013e-01
   5.0960000e-01  -3.9515857e-01
   5.1000000e-01  -3.9707003e-01
   5.1040000e-01  -3.9777011e-01
   5.1080000e-01  -3.9897502e-01
   5.1120000e-01  -3.9914976e-01
   5.1160000e-01  -3.9986679e-01
   5.1200000e-01  -3.9968854e-01
   5.1240000e-01  -4.0006766e-01
   5.1280000e-01  -3.9965371e-01
   5.1320000e-01  -3.9979790e-01
   5.1360000e-01  -3.9922794e-01
   5.1400000e-01  -3.9920799e-01
   5.1440000e-01  -3.9853609e-01
   5.1480000e-01  -3.9840076e-01
   5.1520000e-01  -3.9766352e-01
   5.1560000e-01  -3.9744644e-01
   5.1600000e-01  -3.9666857e-01
   5.1640000e-01  -3.9639302e-01
   5.1680000e-01  -3.9559114e-01
   5.1720000e-01  -3.9527328e-01
   5.1760000e-01  -3.9445849e-01
   5.1800000e-01  -3.9410959e-01
   5.1840000e-01  -3.9328928e-01
   5.1880000e-01  -3.9291723e-01
   5.1920000e-01  -3.9209624e-01
   5.1960000e-01  -3.9170663e-01
   5.2000000e-01  -3.9088811e-01
   5.2040000e-01  -3.9048490e-01
   5.2080000e-01  -3.8967085e-01
   5.2120000e-01  -3.8925689e-01
   5.2160000e-01  -3.8844853e-01
   5.2200000e-01  -3.8802591e-01
   5.2240000e-01  -3.8722394e-01
   5.2280000e-01  -3.8679419e-01
   5.2320000e-01  -3.8599900e-01
   5.2360000e-01  -3.8556327e-01
   5.2400000e-01  -3.8477501e-01
   5.2440000e-01  -3.8433419e-01
   5.2480000e-01  -3.8355287e-01
   5.2520000e-01  -3.8310764e-01
   5.2560000e-01  -3.8233317e-01
   5.2600000e-01  -3.8188408e-01
   5.2640000e-01  -3.8111635e-01
   5.2680000e-01  -3.8066384e-01
   5.2720000e-01  -3.7990267e-01
   5.2760000e-01  -3.7944712e-01
   5.2880000e-01  -3.7748550e-01
   5.2920000e-01  -3.7702475e-01
   5.2960000e-01  -3.7628222e-01
   5.3000000e-01  -3.7581922e-01
   5.3200000e-01  -3.7269423e-01
   5.3240000e-01  -3.7222566e-01
   5.3360000e-01  -3.7032070e-01
   5.4000000e-01  -3.6097455e-01
   5.5040000e-01  -3.4628440e-01
   5.6160000e-01  -3.3113209e-01
   5.7200000e-01  -3.1766060e-01
   5.8360000e-01  -3.0323618e-01
   5.8840000e-01  -2.9744044e-01
   5.8880000e-01  -2.9709179e-01
   5.8920000e-01  -2.9648278e-01
   5.8960000e-01  -2.9615128e-01
   5.9000000e-01  -2.9552705e-01
   5.9040000e-01  -2.9521503e-01
   5.9080000e-01  -2.9457297e-01
   5.9120000e-01  -2.9428335e-01
   5.9160000e-01  -2.9362015e-01
   5.9200000e-01  -2.9335666e-01
   5.9240000e-01  -2.9266807e-01
   5.9280000e-01  -2.9243557e-01
   5.9320000e-01  -2.9171600e-01
   5.9360000e-01  -2.9152096e-01
   5.9400000e-01  -2.9076282e-01
   5.9440000e-01  -2.9061416e-01
   5.9480000e-01  -2.8980684e-01
   5.9520000e-01  -2.8971732e-01
   5.9560000e-01  -2.8884529e-01
   5.9600000e-01  -2.8883405e-01
   5.9640000e-01  -2.8787329e-01
   5.9680000e-01  -2.8797099e-01
   5.9720000e-01  -2.8688148e-01
   5.9760000e-01  -2.8714174e-01
   5.9800000e-01  -2.8584927e-01
   5.9840000e-01  -2.8637901e-01
   5.9880000e-01  -2.8472130e-01
   5.9920000e-01  -2.8578455e-01
   5.9960000e-01  -2.8328717e-01
   6.0000000e-01  -2.8587809e-01
   6.0040000e-01  -2.7979843e-01
   6.0080000e-01  -3.1615177e-01
   6.0120000e-01  -4.1600645e-01
   6.0160000e-01  -4.9374642e-01
   6.0200000e-01  -5.6197878e-01
   6.0240000e-01  -6.1802521e-01
   6.0280000e-01  -6.6759292e-01
   6.0320000e-01  -7.0598714e-01
   6.0360000e-01  -7.3949218e-01
   6.0400000e-01  -7.6534869e-01
   6.0440000e-01  -7.8797109e-01
   6.0480000e-01  -8.0507381e-01
   6.0520000e-01  -8.2020836e-01
   6.0560000e-01  -8.3133163e-01
   6.0600000e-01  -8.4134457e-01
   6.0640000e-01  -8.4838147e-01
   6.0680000e-01  -8.5489068e-01
   6.0760000e-01  -8.6325199e-01
   6.0840000e-01  -8.6807277e-01
   6.0880000e-01  -8.6913632e-01
   6.0920000e-01  -8.7047691e-01
   6.0960000e-01  -8.7066508e-01
   6.1000000e-01  -8.7123251e-01
   6.1040000e-01  -8.7082825e-01
   6.1080000e-01  -8.7086452e-01
   6.1120000e-01  -8.7006076e-01
   6.1160000e-01  -8.6973164e-01
   6.1200000e-01  -8.6865987e-01
   6.1240000e-01  -8.6807902e-01
   6.1280000e-01  -8.6682875e-01
   6.1320000e-01  -8.6607415e-01
   6.1360000e-01  -8.6470625e-01
   6.1400000e-01  -8.6383146e-01
   6.1440000e-01  -8.6238727e-01
   6.1480000e-01  -8.6142916e-01
   6.1520000e-01  -8.5993667e-01
   6.1560000e-01  -8.5892065e-01
   6.1600000e-01  -8.5739881e-01
   6.1640000e-01  -8.5634242e-01
   6.1680000e-01  -8.5480396e-01
   6.1720000e-01  -8.5371937e-01
   6.1760000e-01  -8.5217286e-01
   6.1800000e-01  -8.5106851e-01
   6.1840000e-01  -8.4951964e-01
   6.1880000e-01  -8.4840146e-01
   6.1920000e-01  -8.4685398e-01
   6.1960000e-01  -8.4572612e-01
   6.2000000e-01  -8.4418248e-01
   6.2040000e-01  -8.4304790e-01
   6.2080000e-01  -8.4150967e-01
   6.2120000e-01  -8.4037046e-01
   6.2160000e-01  -8.3883862e-01
   6.2200000e-01  -8.3769631e-01
   6.2240000e-01  -8.3617142e-01
   6.2280000e-01  -8.3502713e-01
   6.2320000e-01  -8.3350952e-01
   6.2360000e-01  -8.3236408e-01
   6.2400000e-01  -8.3085388e-01
   6.2440000e-01  -8.2970792e-01
   6.2480000e-01  -8.2820516e-01
   6.2520000e-01  -8.2705917e-01
   6.2560000e-01  -8.2556381e-01
   6.2600000e-01  -8.2441818e-01
   6.2640000e-01  -8.2293013e-01
   6.2680000e-01  -8.2178516e-01
   6.2720000e-01  -8.2030431e-01
   6.2760000e-01  -8.1916025e-01
   6.2800000e-01  -8.1768647e-01
   6.2840000e-01  -8.1654355e-01
   6.2880000e-01  -8.1507671e-01
   6.2920000e-01  -8.1393510e-01
   6.2960000e-01  -8.1247507e-01
   6.3000000e-01  -8.1133492e-01
   6.3040000e-01  -8.0988157e-01
   6.3080000e-01  -8.0874303e-01
   6.3120000e-01  -8.0729623e-01
   6.3160000e-01  -8.0615941e-01
   6.3280000e-01  -8.0215001e-01
   6.3320000e-01  -8.0101695e-01
   6.3360000e-01  -7.9958910e-01
   6.3400000e-01  -7.9845807e-01
   6.3520000e-01  -7.9449165e-01
   6.3560000e-01  -7.9336488e-01
   6.3600000e-01  -7.9195505e-01
   6.3640000e-01  -7.9083053e-01
   6.3680000e-01  -7.8942652e-01
   6.3720000e-01  -7.8830430e-01
   6.3760000e-01  -7.8690602e-01
   6.3800000e-01  -7.8578617e-01
   6.4000000e-01  -7.7939255e-01
   6.4040000e-01  -7.7828007e-01
   6.4240000e-01  -7.7195060e-01
   6.4280000e-01  -7.7084588e-01
   6.4320000e-01  -7.6948573e-01
   6.4360000e-01  -7.6838367e-01
   6.4400000e-01  -7.6702871e-01
   6.4440000e-01  -7.6592934e-01
   6.4480000e-01  -7.6457952e-01
   6.4720000e-01  -7.5727869e-01
   6.5520000e-01  -7.3344153e-01
   6.6320000e-01  -7.1035384e-01
   6.7120000e-01  -6.8799234e-01
   6.7920000e-01  -6.6633436e-01
   6.8640000e-01  -6.4742547e-01
   6.9440000e-01  -6.2704402e-01
   7.0240000e-01  -6.0730401e-01
   7.1040000e-01  -5.8818527e-01
   7.1840000e-01  -5.6966827e-01
   7.2640000e-01  -5.5173409e-01
   7.3440000e-01  -5.3436439e-01
   7.4320000e-01  -5.1588850e-01
   7.5200000e-01  -4.9805129e-01
   7.6080000e-01  -4.8083068e-01
   7.6960000e-01  -4.6420533e-01
   7.7840000e-01  -4.4815466e-01
   7.8720000e-01  -4.3265879e-01
   7.9680000e-01  -4.1636439e-01
   8.0560000e-01  -4.0196726e-01
   8.1520000e-01  -3.8682812e-01
   8.2640000e-01  -3.6988431e-01
   8.3760000e-01  -3.5368176e-01
   8.4880000e-01  -3.3818758e-01
   8.6000000e-01  -3.2336981e-01
   8.7200000e-01  -3.0820795e-01
   8.7480000e-01  -3.0490111e-01
   8.7520000e-01  -3.0428440e-01
   8.7560000e-01  -3.0392883e-01
   8.7600000e-01  -3.0331114e-01
   8.7640000e-01  -3.0295974e-01
   8.7680000e-01  -3.0234090e-01
   8.7720000e-01  -3.0199383e-01
   8.7760000e-01  -3.0137366e-01
   8.7800000e-01  -3.0103112e-01
   8.7840000e-01  -3.0040940e-01
   8.7880000e-01  -3.0007159e-01
   8.7920000e-01  -2.9944809e-01
   8.7960000e-01  -2.9911526e-01
   8.8000000e-01  -2.9848972e-01
   8.8120000e-01  -2.9721219e-01
   8.8160000e-01  -2.9658169e-01
   8.8280000e-01  -2.9532198e-01
   8.8320000e-01  -2.9468505e-01
   8.8360000e-01  -2.9438173e-01
   8.8400000e-01  -2.9374092e-01
   8.8440000e-01  -2.9344475e-01
   8.8480000e-01  -2.9279953e-01
   8.8520000e-01  -2.9251106e-01
   8.8560000e-01  -2.9186081e-01
   8.8600000e-01  -2.9158070e-01
   8.8640000e-01  -2.9092472e-01
   8.8680000e-01  -2.9065373e-01
   8.8720000e-01  -2.8999117e-01
   8.8760000e-01  -2.8973019e-01
   8.8800000e-01  -2.8906008e-01
   8.8840000e-01  -2.8881017e-01
   8.8880000e-01  -2.8813134e-01
   8.8920000e-01  -2.8789378e-01
   8.8960000e-01  -2.8720481e-01
   8.9000000e-01  -2.8698114e-01
   8.9040000e-01  -2.8628032e-01
   8.9080000e-01  -2.8607245e-01
   8.9120000e-01  -2.8535764e-01
   8.9160000e-01  -2.8516794e-01
   8.9200000e-01  -2.8443646e-01
   8.9240000e-01  -2.8426795e-01
   8.9280000e-01  -2.8351636e-01
   8.9320000e-01  -2.8337297e-01
   8.9360000e-01  -2.8259673e-01
   8.9400000e-01  -2.8248371e-01
   8.9440000e-01  -2.8167671e-01
   8.9480000e-01  -2.8160122e-01
   8.9520000e-01  -2.8075493e-01
   8.9560000e-01  -2.8072721e-01
   8.9600000e-01  -2.7982919e-01
   8.9640000e-01  -2.7986453e-01
   8.9680000e-01  -2.7889566e-01
   8.9720000e-01  -2.7901840e-01
   8.9760000e-01  -2.7794702e-01
   8.9800000e-01  -2.7819936e-01
   8.9840000e-01  -2.7696739e-01
   8.9880000e-01  -2.7743239e-01
   8.9920000e-01  -2.7591505e-01
   8.9960000e-01  -2.7679285e-01
   9.0000000e-01  -2.7463852e-01
   9.0040000e-01  -2.7663421e-01
   9.0080000e-01  -2.7218884e-01
   9.0120000e-01  -3.0998536e-01
   9.0160000e-01  -3.8192793e-01
   9.0200000e-01  -4.3528163e-01
   9.0240000e-01  -4.8334474e-01
   9.0280000e-01  -5.2246350e-01
   9.0320000e-01  -5.5693791e-01
   9.0360000e-01  -5.8353913e-01
   9.0400000e-01  -6.0679865e-01
   9.0440000e-01  -6.2468767e-01
   9.0480000e-01  -6.4031170e-01
   9.0520000e-01  -6.5211512e-01
   9.0560000e-01  -6.6250057e-01
   9.0600000e-01  -6.7014736e-01
   9.0640000e-01  -6.7694865e-01
   9.0680000e-01  -6.8175593e-01
   9.0720000e-01  -6.8610510e-01
   9.0800000e-01  -6.9164703e-01
   9.0880000e-01  -6.9472104e-01
   9.0960000e-01  -6.9611084e-01
   9.1040000e-01  -6.9635206e-01
   9.1120000e-01  -6.9581075e-01
   9.1200000e-01  -6.9473705e-01
   9.1280000e-01  -6.9330190e-01
   9.1360000e-01  -6.9162209e-01
   9.1520000e-01  -6.8782238e-01
   9.1680000e-01  -6.8371840e-01
   9.2760000e-01  -6.5501209e-01
   9.3240000e-01  -6.4256813e-01
   9.3720000e-01  -6.3035814e-01
   9.4640000e-01  -6.0759092e-01
   9.5600000e-01  -5.8470484e-01
   9.6560000e-01  -5.6268042e-01
   9.7040000e-01  -5.5198067e-01
   9.7600000e-01  -5.3975337e-01
   9.8320000e-01  -5.2442599e-01
   9.9040000e-01  -5.0952167e-01
   9.9240000e-01  -5.0558289e-01
   9.9280000e-01  -5.0463999e-01
   9.9320000e-01  -5.0397497e-01
   9.9360000e-01  -5.0302096e-01
   9.9400000e-01  -5.0237369e-01
   9.9440000e-01  -5.0140533e-01
   9.9480000e-01  -5.0077961e-01
   9.9520000e-01  -4.9979237e-01
   9.9560000e-01  -4.9919364e-01
   9.9600000e-01  -4.9818086e-01
   9.9640000e-01  -4.9761733e-01
   9.9680000e-01  -4.9656869e-01
   9.9720000e-01  -4.9605356e-01
   9.9760000e-01  -4.9495174e-01
   9.9800000e-01  -4.9450828e-01
   9.9840000e-01  -4.9332095e-01
   9.9880000e-01  -4.9299595e-01
   9.9920000e-01  -4.9165160e-01
   9.9960000e-01  -4.9156236e-01
   1.0000000e+00  -4.8984786e-01
