   0.0000000e+00   0.0000000e+00
   4.9600000e-02  -1.7714710e-02
   5.0000000e-02  -4.9969268e-01
   5.0400000e-02  -4.6758331e+00
   5.0800000e-02  -1.6427748e+01
   5.1200000e-02  -3.5867508e+01
   5.1600000e-02  -6.1758409e+01
   5.2000000e-02  -9.3136239e+01
   5.2400000e-02  -1.2890426e+02
   5.2800000e-02  -1.6828496e+02
   5.3200000e-02  -2.1065313e+02
   5.3600000e-02  -2.5551122e+02
   5.4000000e-02  -3.0238510e+02
   5.4400000e-02  -3.5088785e+02
   5.4800000e-02  -4.0073833e+02
   5.5200000e-02  -4.5170846e+02
   5.5600000e-02  -5.0357341e+02
   5.6000000e-02  -5.5614532e+02
   5.6400000e-02  -6.0929998e+02
   5.6800000e-02  -6.6293723e+02
   5.7600000e-02  -7.7123673e+02
   5.8800000e-02  -9.3528646e+02
   6.2000000e-02  -1.3750239e+03
   6.3600000e-02  -1.5941104e+03
   6.5600000e-02  -1.8663961e+03
   6.7200000e-02  -2.0828016e+03
   6.8800000e-02  -2.2978789e+03
   7.0400000e-02  -2.5116084e+03
   7.2000000e-02  -2.7239841e+03
   7.4000000e-02  -2.9875531e+03
   7.6000000e-02  -3.2490256e+03
   7.8000000e-02  -3.5084118e+03
   8.0000000e-02  -3.7657265e+03
   8.2000000e-02  -4.0209894e+03
   8.4000000e-02  -4.2742175e+03
   8.6000000e-02  -4.5254239e+03
   8.8000000e-02  -4.7746240e+03
   8.9200000e-02  -4.9231905e+03
   9.0400000e-02  -5.0710427e+03
   9.2000000e-02  -5.2670737e+03
   9.3600000e-02  -5.4618272e+03
   9.5200000e-02  -5.6551739e+03
   9.6400000e-02  -5.7988975e+03
   9.7200000e-02  -5.8936645e+03
   9.7600000e-02  -5.9405426e+03
   9.8000000e-02  -5.9869473e+03
   9.8400000e-02  -6.0327340e+03
   9.8800000e-02  -6.0777153e+03
   9.9200000e-02  -6.1216573e+03
   9.9600000e-02  -6.1642581e+03
   1.0000000e-01  -6.2046700e+03
   1.0040000e-01  -6.2392386e+03
   1.0080000e-01  -6.2637053e+03
   1.0120000e-01  -6.2775044e+03
   1.0160000e-01  -6.2813834e+03
   1.0200000e-01  -6.2758274e+03
   1.0240000e-01  -6.2614710e+03
   1.0280000e-01  -6.2387266e+03
   1.0320000e-01  -6.2079980e+03
   1.0360000e-01  -6.1697357e+03
   1.0400000e-01  -6.1245687e+03
   1.0440000e-01  -6.0732732e+03
   1.0480000e-01  -6.0167565e+03
   1.0520000e-01  -5.9560726e+03
   1.0560000e-01  -5.8924128e+03
   1.0600000e-01  -5.8269967e+03
   1.0680000e-01  -5.6951983e+03
   1.0720000e-01  -5.6304605e+03
   1.0760000e-01  -5.5670952e+03
   1.0800000e-01  -5.5050808e+03
   1.0920000e-01  -5.3225822e+03
   1.0960000e-01  -5.2607602e+03
   1.1000000e-01  -5.1975161e+03
   1.1040000e-01  -5.1326941e+03
   1.1080000e-01  -5.0664855e+03
   1.1200000e-01  -4.8651800e+03
   1.1240000e-01  -4.7993730e+03
   1.1280000e-01  -4.7348579e+03
   1.1320000e-01  -4.6715188e+03
   1.1440000e-01  -4.4835371e+03
   1.1480000e-01  -4.4196854e+03
   1.1520000e-01  -4.3548432e+03
   1.1640000e-01  -4.1582343e+03
   1.1680000e-01  -4.0938179e+03
   1.1720000e-01  -4.0304693e+03
   1.1840000e-01  -3.8435714e+03
   1.1880000e-01  -3.7806333e+03
   1.1920000e-01  -3.7169199e+03
   1.2000000e-01  -3.5883168e+03
   1.2040000e-01  -3.5244639e+03
   1.2080000e-01  -3.4614523e+03
   1.2120000e-01  -3.3993094e+03
   1.2240000e-01  -3.2142310e+03
   1.2280000e-01  -3.1516199e+03
   1.2400000e-01  -2.9625524e+03
   1.2440000e-01  -2.9005384e+03
   1.2600000e-01  -2.6561001e+03
   1.2720000e-01  -2.4699288e+03
   1.2760000e-01  -2.4084795e+03
   1.2800000e-01  -2.3477425e+03
   1.2920000e-01  -2.1667767e+03
   1.3040000e-01  -1.9832990e+03
   1.3080000e-01  -1.9226738e+03
   1.3240000e-01  -1.6837110e+03
   1.3360000e-01  -1.5027137e+03
   1.3400000e-01  -1.4430570e+03
   1.3520000e-01  -1.2661164e+03
   1.3640000e-01  -1.0874590e+03
   1.3680000e-01  -1.0282879e+03
   1.3840000e-01  -7.9456359e+02
   1.3960000e-01  -6.1817623e+02
   1.4120000e-01  -3.8693854e+02
   1.4240000e-01  -2.1262283e+02
   1.4360000e-01  -4.1143217e+01
   1.4520000e-01   1.8841403e+02
   1.4640000e-01   3.5803311e+02
   1.4760000e-01   5.2855098e+02
   1.4800000e-01   5.8495061e+02
   1.4920000e-01   7.5278781e+02
   1.5040000e-01   9.2139278e+02
   1.5160000e-01   1.0876536e+03
   1.5280000e-01   1.2545381e+03
   1.5560000e-01   1.6392722e+03
   1.5800000e-01   1.9656041e+03
   1.5840000e-01   2.0195504e+03
   1.6040000e-01   2.2888052e+03
   1.6280000e-01   2.6089178e+03
   1.6520000e-01   2.9259725e+03
   1.6560000e-01   2.9784354e+03
   1.6760000e-01   3.2400009e+03
   1.7000000e-01   3.5510387e+03
   1.7240000e-01   3.8591376e+03
   1.7440000e-01   4.1136746e+03
   1.7680000e-01   4.4164834e+03
   1.7880000e-01   4.6665079e+03
   1.7960000e-01   4.7658872e+03
   1.8160000e-01   5.0133049e+03
   1.8360000e-01   5.2586868e+03
   1.8560000e-01   5.5020474e+03
   1.8800000e-01   5.7915494e+03
   1.9000000e-01   6.0306645e+03
   1.9200000e-01   6.2678176e+03
   1.9400000e-01   6.5028174e+03
   1.9480000e-01   6.5960454e+03
   1.9600000e-01   6.7345263e+03
   1.9680000e-01   6.8254331e+03
   1.9720000e-01   6.8699783e+03
   1.9760000e-01   6.9139339e+03
   1.9800000e-01   6.9571875e+03
   1.9840000e-01   6.9993681e+03
   1.9880000e-01   7.0399950e+03
   1.9920000e-01   7.0786874e+03
   1.9960000e-01   7.1151616e+03
   2.0000000e-01   7.1490148e+03
   2.0040000e-01   7.1795660e+03
   2.0080000e-01   7.2059579e+03
   2.0120000e-01   7.2274003e+03
   2.0160000e-01   7.2432690e+03
   2.0200000e-01   7.2529680e+03
   2.0240000e-01   7.2557757e+03
   2.0280000e-01   7.2509284e+03
   2.0320000e-01   7.2379012e+03
   2.0360000e-01   7.2165972e+03
   2.0400000e-01   7.1872700e+03
   2.0440000e-01   7.1503380e+03
   2.0480000e-01   7.1063677e+03
   2.0520000e-01   7.0562555e+03
   2.0560000e-01   7.0013424e+03
   2.0600000e-01   6.9432435e+03
   2.0680000e-01   6.8234071e+03
   2.0720000e-01   6.7639834e+03
   2.0760000e-01   6.7061233e+03
   2.0800000e-01   6.6504557e+03
   2.0840000e-01   6.5971190e+03
   2.0880000e-01   6.5456923e+03
   2.1040000e-01   6.3454870e+03
   2.1080000e-01   6.2943911e+03
   2.1120000e-01   6.2423465e+03
   2.1360000e-01   5.9250870e+03
   2.1400000e-01   5.8718189e+03
   2.1480000e-01   5.7639619e+03
   2.1560000e-01   5.6548329e+03
   2.1600000e-01   5.6009693e+03
   2.1640000e-01   5.5484264e+03
   2.1680000e-01   5.4973833e+03
   2.1800000e-01   5.3485388e+03
   2.1840000e-01   5.2981138e+03
   2.1880000e-01   5.2463181e+03
   2.1920000e-01   5.1929795e+03
   2.2000000e-01   5.0838744e+03
   2.2040000e-01   5.0301184e+03
   2.2080000e-01   4.9778947e+03
   2.2120000e-01   4.9272335e+03
   2.2240000e-01   4.7794238e+03
   2.2280000e-01   4.7293791e+03
   2.2320000e-01   4.6782102e+03
   2.2440000e-01   4.5217709e+03
   2.2480000e-01   4.4705493e+03
   2.2520000e-01   4.4199516e+03
   2.2680000e-01   4.2195641e+03
   2.2880000e-01   3.9706607e+03
   2.3000000e-01   3.8185490e+03
   2.3040000e-01   3.7685344e+03
   2.3080000e-01   3.7195515e+03
   2.3200000e-01   3.5750825e+03
   2.3240000e-01   3.5260225e+03
   2.3280000e-01   3.4761131e+03
   2.3360000e-01   3.3753866e+03
   2.3400000e-01   3.3259845e+03
   2.3440000e-01   3.2777279e+03
   2.3520000e-01   3.1827203e+03
   2.3560000e-01   3.1346773e+03
   2.3680000e-01   2.9881011e+03
   2.3760000e-01   2.8910620e+03
   2.3920000e-01   2.6999134e+03
   2.4080000e-01   2.5098838e+03
   2.4200000e-01   2.3658982e+03
   2.4240000e-01   2.3188939e+03
   2.4360000e-01   2.1798655e+03
   2.4520000e-01   1.9906993e+03
   2.4560000e-01   1.9445236e+03
   2.4680000e-01   1.8087565e+03
   2.4760000e-01   1.7174302e+03
   2.4800000e-01   1.6724613e+03
   2.4840000e-01   1.6284326e+03
   2.4880000e-01   1.5853289e+03
   2.4920000e-01   1.5431019e+03
   2.4960000e-01   1.5018581e+03
   2.5000000e-01   1.4618074e+03
   2.5040000e-01   1.4231450e+03
   2.5080000e-01   1.3860447e+03
   2.5120000e-01   1.3507176e+03
   2.5160000e-01   1.3174176e+03
   2.5200000e-01   1.2864261e+03
   2.5240000e-01   1.2580990e+03
   2.5280000e-01   1.2328880e+03
   2.5320000e-01   1.2111703e+03
   2.5360000e-01   1.1929641e+03
   2.5400000e-01   1.1778773e+03
   2.5440000e-01   1.1654662e+03
   2.5480000e-01   1.1556757e+03
   2.5520000e-01   1.1488510e+03
   2.5560000e-01   1.1452508e+03
   2.5600000e-01   1.1445556e+03
   2.5640000e-01   1.1458628e+03
   2.5760000e-01   1.1527035e+03
   2.5800000e-01   1.1544012e+03
   2.5840000e-01   1.1554819e+03
   2.5880000e-01   1.1557419e+03
   2.5920000e-01   1.1548885e+03
   2.5960000e-01   1.1526246e+03
   2.6000000e-01   1.1488744e+03
   2.6040000e-01   1.1439617e+03
   2.6120000e-01   1.1330960e+03
   2.6160000e-01   1.1280921e+03
   2.6200000e-01   1.1237527e+03
   2.6240000e-01   1.1204341e+03
   2.6280000e-01   1.1184884e+03
   2.6320000e-01   1.1179106e+03
   2.6400000e-01   1.1186211e+03
   2.6480000e-01   1.1186410e+03
   2.6560000e-01   1.1174424e+03
   2.6600000e-01   1.1158227e+03
   2.6640000e-01   1.1131173e+03
   2.6760000e-01   1.1012753e+03
   2.6800000e-01   1.0982284e+03
   2.6840000e-01   1.0963749e+03
   2.6880000e-01   1.0954900e+03
   2.7040000e-01   1.0934290e+03
   2.7080000e-01   1.0924669e+03
   2.7120000e-01   1.0908412e+03
   2.7160000e-01   1.0883987e+03
   2.7280000e-01   1.0795525e+03
   2.7360000e-01   1.0751452e+03
   2.7400000e-01   1.0738147e+03
   2.7520000e-01   1.0726572e+03
   2.7560000e-01   1.0714822e+03
   2.7600000e-01   1.0693519e+03
   2.7720000e-01   1.0610641e+03
   2.7760000e-01   1.0590284e+03
   2.7880000e-01   1.0547766e+03
   2.8000000e-01   1.0519019e+03
   2.8040000e-01   1.0503753e+03
   2.8160000e-01   1.0426255e+03
   2.8200000e-01   1.0405105e+03
   2.8280000e-01   1.0377892e+03
   2.8400000e-01   1.0350990e+03
   2.8440000e-01   1.0334179e+03
   2.8560000e-01   1.0261048e+03
   2.8600000e-01   1.0243375e+03
   2.8800000e-01   1.0179588e+03
   2.8880000e-01   1.0146136e+03
   2.9000000e-01   1.0080191e+03
   2.9040000e-01   1.0064700e+03
   2.9160000e-01   1.0037704e+03
   2.9360000e-01   9.9374374e+02
   2.9520000e-01   9.8882108e+02
   2.9640000e-01   9.8224998e+02
   2.9840000e-01   9.7221960e+02
   2.9920000e-01   9.6729061e+02
   2.9960000e-01   9.6403440e+02
   3.0040000e-01   9.5582292e+02
   3.0160000e-01   9.4234101e+02
   3.0200000e-01   9.3695541e+02
   3.0240000e-01   9.3036282e+02
   3.0280000e-01   9.2251224e+02
   3.0320000e-01   9.1372104e+02
   3.0400000e-01   8.9435645e+02
   3.0440000e-01   8.8371043e+02
   3.0480000e-01   8.7224423e+02
   3.0520000e-01   8.5985125e+02
   3.0560000e-01   8.4636982e+02
   3.0600000e-01   8.3168746e+02
   3.0640000e-01   8.1599834e+02
   3.0760000e-01   7.6740684e+02
   3.0880000e-01   7.1734909e+02
   3.0960000e-01   6.8461338e+02
   3.1040000e-01   6.5327431e+02
   3.1080000e-01   6.3845568e+02
   3.1120000e-01   6.2443631e+02
   3.1240000e-01   5.8402143e+02
   3.1440000e-01   5.1473357e+02
   3.1480000e-01   5.0029679e+02
   3.1520000e-01   4.8520468e+02
   3.1640000e-01   4.3819093e+02
   3.1680000e-01   4.2296919e+02
   3.1720000e-01   4.0819096e+02
   3.1840000e-01   3.6509470e+02
   3.1920000e-01   3.3690165e+02
   3.2040000e-01   2.9677606e+02
   3.2080000e-01   2.8275696e+02
   3.2160000e-01   2.5380740e+02
   3.2320000e-01   1.9484569e+02
   3.2520000e-01   1.2514445e+02
   3.2640000e-01   8.5124722e+01
   3.2680000e-01   7.1375956e+01
   3.2840000e-01   1.3817478e+01
   3.2880000e-01  -1.6557561e-01
   3.3080000e-01  -6.8071822e+01
   3.3200000e-01  -1.0764930e+02
   3.3240000e-01  -1.2139103e+02
   3.3360000e-01  -1.6380020e+02
   3.3400000e-01  -1.7735328e+02
   3.3640000e-01  -2.5663550e+02
   3.3920000e-01  -3.5102250e+02
   3.4120000e-01  -4.1545159e+02
   3.4280000e-01  -4.6882687e+02
   3.4440000e-01  -5.2066639e+02
   3.4560000e-01  -5.5837650e+02
   3.4720000e-01  -6.1112011e+02
   3.4880000e-01  -6.6128064e+02
   3.5200000e-01  -7.6314389e+02
   3.5360000e-01  -8.1227631e+02
   3.5480000e-01  -8.5037564e+02
   3.5560000e-01  -8.7525477e+02
   3.5720000e-01  -9.2397619e+02
   3.6000000e-01  -1.0103074e+03
   3.6120000e-01  -1.0458696e+03
   3.6280000e-01  -1.0950253e+03
   3.6440000e-01  -1.1423210e+03
   3.6720000e-01  -1.2261869e+03
   3.6840000e-01  -1.2607370e+03
   3.7000000e-01  -1.3084332e+03
   3.7360000e-01  -1.4126820e+03
   3.7720000e-01  -1.5157842e+03
   3.7840000e-01  -1.5492951e+03
   3.8000000e-01  -1.5948223e+03
   3.8400000e-01  -1.7062123e+03
   3.8560000e-01  -1.7497954e+03
   3.8680000e-01  -1.7832529e+03
   3.8800000e-01  -1.8154739e+03
   3.8960000e-01  -1.8592206e+03
   3.9240000e-01  -1.9340605e+03
   3.9320000e-01  -1.9558395e+03
   3.9440000e-01  -1.9870079e+03
   3.9560000e-01  -2.0188044e+03
   3.9720000e-01  -2.0595012e+03
   3.9880000e-01  -2.0985604e+03
   3.9960000e-01  -2.1165507e+03
   4.0000000e-01  -2.1250776e+03
   4.0040000e-01  -2.1331931e+03
   4.0120000e-01  -2.1479757e+03
   4.0160000e-01  -2.1546534e+03
   4.0200000e-01  -2.1607281e+03
   4.0240000e-01  -2.1660099e+03
   4.0280000e-01  -2.1703918e+03
   4.0320000e-01  -2.1738841e+03
   4.0360000e-01  -2.1765296e+03
   4.0400000e-01  -2.1783379e+03
   4.0440000e-01  -2.1792888e+03
   4.0480000e-01  -2.1793391e+03
   4.0520000e-01  -2.1784166e+03
   4.0560000e-01  -2.1764692e+03
   4.0600000e-01  -2.1735658e+03
   4.0680000e-01  -2.1657967e+03
   4.0760000e-01  -2.1564472e+03
   4.0920000e-01  -2.1354525e+03
   4.1000000e-01  -2.1265941e+03
   4.1080000e-01  -2.1193692e+03
   4.1160000e-01  -2.1141391e+03
   4.1360000e-01  -2.1030569e+03
   4.1400000e-01  -2.1004012e+03
   4.1480000e-01  -2.0935257e+03
   4.1720000e-01  -2.0690973e+03
   4.1800000e-01  -2.0619560e+03
   4.1920000e-01  -2.0535381e+03
   4.2040000e-01  -2.0458933e+03
   4.2080000e-01  -2.0427943e+03
   4.2200000e-01  -2.0323650e+03
   4.2320000e-01  -2.0207107e+03
   4.2400000e-01  -2.0138061e+03
   4.2640000e-01  -1.9968958e+03
   4.2720000e-01  -1.9905617e+03
   4.2880000e-01  -1.9761316e+03
   4.2960000e-01  -1.9696210e+03
   4.3160000e-01  -1.9556263e+03
   4.3440000e-01  -1.9323568e+03
   4.3640000e-01  -1.9184584e+03
   4.3880000e-01  -1.8988462e+03
   4.4120000e-01  -1.8818471e+03
   4.4320000e-01  -1.8658888e+03
   4.4760000e-01  -1.8366639e+03
   4.4840000e-01  -1.8332185e+03
   4.4920000e-01  -1.8307079e+03
   4.5000000e-01  -1.8289911e+03
   4.5040000e-01  -1.8286223e+03
   4.5120000e-01  -1.8291269e+03
   4.5160000e-01  -1.8304225e+03
   4.5200000e-01  -1.8326468e+03
   4.5240000e-01  -1.8357089e+03
   4.5280000e-01  -1.8394587e+03
   4.5320000e-01  -1.8439335e+03
   4.5360000e-01  -1.8493223e+03
   4.5400000e-01  -1.8557052e+03
   4.5440000e-01  -1.8629638e+03
   4.5480000e-01  -1.8710066e+03
   4.5520000e-01  -1.8799753e+03
   4.5560000e-01  -1.8901204e+03
   4.5600000e-01  -1.9015103e+03
   4.5640000e-01  -1.9139517e+03
   4.5720000e-01  -1.9409467e+03
   4.5800000e-01  -1.9697581e+03
   4.5960000e-01  -2.0300755e+03
   4.6040000e-01  -2.0596822e+03
   4.6080000e-01  -2.0739076e+03
   4.6120000e-01  -2.0874988e+03
   4.6160000e-01  -2.1003789e+03
   4.6240000e-01  -2.1244962e+03
   4.6400000e-01  -2.1694742e+03
   4.6560000e-01  -2.2156870e+03
   4.6640000e-01  -2.2407277e+03
   4.6720000e-01  -2.2673699e+03
   4.6840000e-01  -2.3081898e+03
   4.6920000e-01  -2.3341666e+03
   4.6960000e-01  -2.3466453e+03
   4.7040000e-01  -2.3704037e+03
   4.7240000e-01  -2.4279732e+03
   4.7320000e-01  -2.4515782e+03
   4.7400000e-01  -2.4765159e+03
   4.7520000e-01  -2.5153637e+03
   4.7600000e-01  -2.5400718e+03
   4.7680000e-01  -2.5637672e+03
   4.7880000e-01  -2.6208867e+03
   4.7960000e-01  -2.6443610e+03
   4.8040000e-01  -2.6684669e+03
   4.8160000e-01  -2.7058252e+03
   4.8200000e-01  -2.7178472e+03
   4.8480000e-01  -2.7969679e+03
   4.8720000e-01  -2.8678940e+03
   4.8800000e-01  -2.8909511e+03
   4.9000000e-01  -2.9459687e+03
   4.9040000e-01  -2.9572339e+03
   4.9200000e-01  -3.0037876e+03
   4.9320000e-01  -3.0368901e+03
   4.9400000e-01  -3.0583045e+03
   4.9520000e-01  -3.0895091e+03
   4.9680000e-01  -3.1302815e+03
   4.9720000e-01  -3.1398715e+03
   4.9760000e-01  -3.1487790e+03
   4.9800000e-01  -3.1568941e+03
   4.9840000e-01  -3.1642762e+03
   4.9880000e-01  -3.1709751e+03
   4.9920000e-01  -3.1769365e+03
   4.9960000e-01  -3.1820848e+03
   5.0000000e-01  -3.1863945e+03
   5.0040000e-01  -3.1897928e+03
   5.0080000e-01  -3.1920229e+03
   5.0120000e-01  -3.1926905e+03
   5.0160000e-01  -3.1914798e+03
   5.0200000e-01  -3.1882827e+03
   5.0240000e-01  -3.1830858e+03
   5.0280000e-01  -3.1757685e+03
   5.0320000e-01  -3.1660715e+03
   5.0360000e-01  -3.1537650e+03
   5.0400000e-01  -3.1387963e+03
   5.0440000e-01  -3.1212442e+03
   5.0480000e-01  -3.1011645e+03
   5.0520000e-01  -3.0785153e+03
   5.0560000e-01  -3.0532102e+03
   5.0600000e-01  -3.0251984e+03
   5.0640000e-01  -2.9944991e+03
   5.0680000e-01  -2.9612194e+03
   5.0720000e-01  -2.9255821e+03
   5.0760000e-01  -2.8879373e+03
   5.0800000e-01  -2.8487318e+03
   5.0840000e-01  -2.8084491e+03
   5.1000000e-01  -2.6445688e+03
   5.1040000e-01  -2.6044347e+03
   5.1080000e-01  -2.5652087e+03
   5.1120000e-01  -2.5271362e+03
   5.1160000e-01  -2.4904108e+03
   5.1200000e-01  -2.4551799e+03
   5.1240000e-01  -2.4214938e+03
   5.1280000e-01  -2.3892394e+03
   5.1320000e-01  -2.3581870e+03
   5.1360000e-01  -2.3281193e+03
   5.1400000e-01  -2.2988445e+03
   5.1480000e-01  -2.2412171e+03
   5.1520000e-01  -2.2118075e+03
   5.1560000e-01  -2.1814924e+03
   5.1600000e-01  -2.1501993e+03
   5.1640000e-01  -2.1179639e+03
   5.1680000e-01  -2.0848336e+03
   5.1720000e-01  -2.0508894e+03
   5.1760000e-01  -2.0162476e+03
   5.1800000e-01  -1.9810150e+03
   5.1920000e-01  -1.8736140e+03
   5.1960000e-01  -1.8382602e+03
   5.2000000e-01  -1.8035479e+03
   5.2040000e-01  -1.7696623e+03
   5.2080000e-01  -1.7367836e+03
   5.2120000e-01  -1.7049356e+03
   5.2160000e-01  -1.6738960e+03
   5.2320000e-01  -1.5525796e+03
   5.2360000e-01  -1.5216990e+03
   5.2400000e-01  -1.4901133e+03
   5.2480000e-01  -1.4251729e+03
   5.2720000e-01  -1.2261321e+03
   5.2760000e-01  -1.1935531e+03
   5.2800000e-01  -1.1616352e+03
   5.2880000e-01  -1.0997724e+03
   5.3000000e-01  -1.0087591e+03
   5.3080000e-01  -9.4720676e+02
   5.3160000e-01  -8.8422434e+02
   5.3320000e-01  -7.5661973e+02
   5.3400000e-01  -6.9375847e+02
   5.3440000e-01  -6.6278057e+02
   5.3560000e-01  -5.7103390e+02
   5.3760000e-01  -4.2034488e+02
   5.3960000e-01  -2.6584192e+02
   5.4120000e-01  -1.4488736e+02
   5.4280000e-01  -2.6826039e+01
   5.4400000e-01   6.2273066e+01
   5.4560000e-01   1.8300172e+02
   5.4640000e-01   2.4269108e+02
   5.4720000e-01   3.0071253e+02
   5.4840000e-01   3.8624746e+02
   5.4880000e-01   4.1534711e+02
   5.5080000e-01   5.6344334e+02
   5.5120000e-01   5.9269356e+02
   5.5200000e-01   6.4996359e+02
   5.5360000e-01   7.6231371e+02
   5.5400000e-01   7.9090495e+02
   5.5560000e-01   9.0728839e+02
   5.5640000e-01   9.6479364e+02
   5.5680000e-01   9.9269717e+02
   5.5800000e-01   1.0745853e+03
   5.5840000e-01   1.1023581e+03
   5.5880000e-01   1.1306184e+03
   5.6000000e-01   1.2168648e+03
   5.6080000e-01   1.2731520e+03
   5.6240000e-01   1.3817939e+03
   5.6320000e-01   1.4365786e+03
   5.6480000e-01   1.5486024e+03
   5.6520000e-01   1.5761538e+03
   5.6600000e-01   1.6301419e+03
   5.6680000e-01   1.6832587e+03
   5.6760000e-01   1.7370493e+03
   5.6920000e-01   1.8470520e+03
   5.6960000e-01   1.8741809e+03
   5.7000000e-01   1.9007140e+03
   5.7120000e-01   1.9791430e+03
   5.7320000e-01   2.1133641e+03
   5.7400000e-01   2.1663404e+03
   5.7560000e-01   2.2704534e+03
   5.7760000e-01   2.4018645e+03
   5.7840000e-01   2.4539426e+03
   5.8040000e-01   2.5820831e+03
   5.8160000e-01   2.6598427e+03
   5.8240000e-01   2.7111810e+03
   5.8680000e-01   2.9893055e+03
   5.8840000e-01   3.0883493e+03
   5.9080000e-01   3.2378919e+03
   5.9240000e-01   3.3344761e+03
   5.9400000e-01   3.4322163e+03
   5.9440000e-01   3.4560470e+03
   5.9520000e-01   3.5024205e+03
   5.9640000e-01   3.5706486e+03
   5.9720000e-01   3.6152516e+03
   5.9760000e-01   3.6367792e+03
   5.9800000e-01   3.6576006e+03
   5.9840000e-01   3.6775555e+03
   5.9880000e-01   3.6965053e+03
   5.9920000e-01   3.7144320e+03
   5.9960000e-01   3.7314123e+03
   6.0000000e-01   3.7474647e+03
   6.0040000e-01   3.7624567e+03
   6.0080000e-01   3.7761496e+03
   6.0120000e-01   3.7882518e+03
   6.0160000e-01   3.7984113e+03
   6.0200000e-01   3.8062734e+03
   6.0240000e-01   3.8116504e+03
   6.0280000e-01   3.8145905e+03
   6.0320000e-01   3.8151956e+03
   6.0360000e-01   3.8133972e+03
   6.0400000e-01   3.8089793e+03
   6.0440000e-01   3.8017594e+03
   6.0480000e-01   3.7916162e+03
   6.0520000e-01   3.7783552e+03
   6.0560000e-01   3.7617273e+03
   6.0600000e-01   3.7416874e+03
   6.0640000e-01   3.7185610e+03
   6.0680000e-01   3.6928612e+03
   6.0720000e-01   3.6649628e+03
   6.0760000e-01   3.6349997e+03
   6.0800000e-01   3.6030237e+03
   6.0840000e-01   3.5691829e+03
   6.0880000e-01   3.5337786e+03
   6.0920000e-01   3.4972493e+03
   6.1000000e-01   3.4230070e+03
   6.1040000e-01   3.3863725e+03
   6.1080000e-01   3.3506288e+03
   6.1120000e-01   3.3160638e+03
   6.1160000e-01   3.2828721e+03
   6.1200000e-01   3.2511733e+03
   6.1240000e-01   3.2210365e+03
   6.1280000e-01   3.1924876e+03
   6.1320000e-01   3.1654946e+03
   6.1360000e-01   3.1399711e+03
   6.1400000e-01   3.1157909e+03
   6.1440000e-01   3.0927476e+03
   6.1560000e-01   3.0263027e+03
   6.1600000e-01   3.0035731e+03
   6.1640000e-01   2.9800120e+03
   6.1680000e-01   2.9553409e+03
   6.1720000e-01   2.9294006e+03
   6.1760000e-01   2.9022621e+03
   6.1800000e-01   2.8741140e+03
   6.1840000e-01   2.8450653e+03
   6.1880000e-01   2.8151723e+03
   6.2040000e-01   2.6925435e+03
   6.2080000e-01   2.6626960e+03
   6.2120000e-01   2.6339259e+03
   6.2160000e-01   2.6064883e+03
   6.2200000e-01   2.5802348e+03
   6.2240000e-01   2.5548227e+03
   6.2280000e-01   2.5300514e+03
   6.2440000e-01   2.4337776e+03
   6.2480000e-01   2.4088969e+03
   6.2520000e-01   2.3834188e+03
   6.2560000e-01   2.3572726e+03
   6.2600000e-01   2.3303949e+03
   6.2640000e-01   2.3028187e+03
   6.2800000e-01   2.1893053e+03
   6.2840000e-01   2.1617736e+03
   6.2880000e-01   2.1350928e+03
   6.2920000e-01   2.1092132e+03
   6.2960000e-01   2.0839920e+03
   6.3160000e-01   1.9608624e+03
   6.3240000e-01   1.9107355e+03
   6.3280000e-01   1.8850356e+03
   6.3320000e-01   1.8586962e+03
   6.3440000e-01   1.7776249e+03
   6.3480000e-01   1.7512477e+03
   6.3560000e-01   1.7001964e+03
   6.3880000e-01   1.5025537e+03
   6.4080000e-01   1.3750721e+03
   6.4120000e-01   1.3499217e+03
   6.4480000e-01   1.1310288e+03
   6.4640000e-01   1.0354717e+03
   6.4720000e-01   9.8865418e+02
   6.4800000e-01   9.4323287e+02
   6.4880000e-01   8.9920180e+02
   6.4960000e-01   8.5579917e+02
   6.5000000e-01   8.3480847e+02
   6.5040000e-01   8.1465752e+02
   6.5080000e-01   7.9543542e+02
   6.5120000e-01   7.7709233e+02
   6.5160000e-01   7.5953402e+02
   6.5200000e-01   7.4272517e+02
   6.5240000e-01   7.2672459e+02
   6.5280000e-01   7.1160544e+02
   6.5320000e-01   6.9737731e+02
   6.5360000e-01   6.8405778e+02
   6.5400000e-01   6.7179786e+02
   6.5440000e-01   6.6083489e+02
   6.5480000e-01   6.5130947e+02
   6.5520000e-01   6.4322002e+02
   6.5560000e-01   6.3656278e+02
   6.5600000e-01   6.3139065e+02
   6.5640000e-01   6.2768108e+02
   6.5680000e-01   6.2525565e+02
   6.5720000e-01   6.2390321e+02
   6.5760000e-01   6.2349067e+02
   6.5840000e-01   6.2482503e+02
   6.5920000e-01   6.2771767e+02
   6.6000000e-01   6.3217703e+02
   6.6160000e-01   6.4416765e+02
   6.6200000e-01   6.4614985e+02
   6.6240000e-01   6.4702277e+02
   6.6280000e-01   6.4681186e+02
   6.6320000e-01   6.4566331e+02
   6.6360000e-01   6.4370900e+02
   6.6400000e-01   6.4109954e+02
   6.6560000e-01   6.2805575e+02
   6.6640000e-01   6.2280028e+02
   6.6800000e-01   6.1443009e+02
   6.6880000e-01   6.1149600e+02
   6.6920000e-01   6.1099907e+02
   6.6960000e-01   6.1140117e+02
   6.7120000e-01   6.1709858e+02
   6.7160000e-01   6.1752074e+02
   6.7200000e-01   6.1711498e+02
   6.7240000e-01   6.1597989e+02
   6.7280000e-01   6.1424627e+02
   6.7440000e-01   6.0432643e+02
   6.7480000e-01   6.0241587e+02
   6.7560000e-01   5.9978844e+02
   6.7760000e-01   5.9464308e+02
   6.7800000e-01   5.9421937e+02
   6.7960000e-01   5.9615300e+02
   6.8000000e-01   5.9584639e+02
   6.8040000e-01   5.9483277e+02
   6.8080000e-01   5.9320401e+02
   6.8240000e-01   5.8372859e+02
   6.8280000e-01   5.8193574e+02
   6.8320000e-01   5.8084206e+02
   6.8360000e-01   5.8039044e+02
   6.8480000e-01   5.8066019e+02
   6.8560000e-01   5.7985296e+02
   6.8800000e-01   5.7422849e+02
   6.8960000e-01   5.6771228e+02
   6.9040000e-01   5.6528565e+02
   6.9080000e-01   5.6484189e+02
   6.9200000e-01   5.6493120e+02
   6.9280000e-01   5.6411064e+02
   6.9360000e-01   5.6164665e+02
   6.9520000e-01   5.5446208e+02
   6.9560000e-01   5.5319452e+02
   6.9720000e-01   5.5040078e+02
   6.9840000e-01   5.4732893e+02
   6.9920000e-01   5.4421653e+02
   7.0000000e-01   5.3972381e+02
   7.0120000e-01   5.3108882e+02
   7.0280000e-01   5.2034387e+02
   7.0320000e-01   5.1700357e+02
   7.0400000e-01   5.0885201e+02
   7.0480000e-01   4.9882464e+02
   7.0560000e-01   4.8658506e+02
   7.0640000e-01   4.7274353e+02
   7.0760000e-01   4.5074984e+02
   7.0840000e-01   4.3505762e+02
   7.0960000e-01   4.0957655e+02
   7.1040000e-01   3.9139378e+02
   7.1160000e-01   3.6202805e+02
   7.1200000e-01   3.5288021e+02
   7.1240000e-01   3.4454519e+02
   7.1400000e-01   3.1468233e+02
   7.1560000e-01   2.8419653e+02
   7.1640000e-01   2.7007875e+02
   7.1760000e-01   2.5046044e+02
   7.1840000e-01   2.3660603e+02
   7.1920000e-01   2.2161474e+02
   7.2000000e-01   2.0601345e+02
   7.2120000e-01   1.8181100e+02
   7.2240000e-01   1.5694011e+02
   7.2280000e-01   1.4923908e+02
   7.2320000e-01   1.4200375e+02
   7.2440000e-01   1.2144515e+02
   7.2600000e-01   9.1478884e+01
   7.2640000e-01   8.4494509e+01
   7.2760000e-01   6.5200600e+01
   7.2800000e-01   5.8337035e+01
   7.2880000e-01   4.3034769e+01
   7.3000000e-01   1.8858742e+01
   7.3080000e-01   3.7006076e+00
   7.3520000e-01  -7.2148599e+01
   7.3640000e-01  -9.4064528e+01
   7.3760000e-01  -1.1508836e+02
   7.3920000e-01  -1.4451055e+02
   7.3960000e-01  -1.5139990e+02
   7.4080000e-01  -1.7037581e+02
   7.4160000e-01  -1.8350312e+02
   7.4400000e-01  -2.2656341e+02
   7.4560000e-01  -2.5300480e+02
   7.4680000e-01  -2.7356967e+02
   7.4960000e-01  -3.1976752e+02
   7.5160000e-01  -3.5454536e+02
   7.5200000e-01  -3.6105848e+02
   7.5360000e-01  -3.8550909e+02
   7.5560000e-01  -4.1956078e+02
   7.6000000e-01  -4.8978801e+02
   7.6280000e-01  -5.3494638e+02
   7.6440000e-01  -5.6000660e+02
   7.6600000e-01  -5.8411175e+02
   7.6720000e-01  -6.0457766e+02
   7.6760000e-01  -6.1093356e+02
   7.6920000e-01  -6.3387348e+02
   7.7080000e-01  -6.5951793e+02
   7.7200000e-01  -6.7730603e+02
   7.7400000e-01  -7.0819735e+02
   7.7560000e-01  -7.3147587e+02
   7.7760000e-01  -7.6234362e+02
   7.8080000e-01  -8.0895434e+02
   7.8240000e-01  -8.3342063e+02
   7.8400000e-01  -8.5565406e+02
   7.8560000e-01  -8.7950619e+02
   7.9200000e-01  -9.7075158e+02
   7.9440000e-01  -1.0032640e+03
   7.9600000e-01  -1.0257223e+03
   7.9680000e-01  -1.0359986e+03
   7.9960000e-01  -1.0705090e+03
   8.0040000e-01  -1.0787637e+03
   8.0160000e-01  -1.0901937e+03
   8.0240000e-01  -1.0970816e+03
   8.0280000e-01  -1.0997166e+03
   8.0440000e-01  -1.1076437e+03
   8.0480000e-01  -1.1089953e+03
   8.0520000e-01  -1.1096757e+03
   8.0560000e-01  -1.1097775e+03
   8.0600000e-01  -1.1094810e+03
   8.0680000e-01  -1.1079818e+03
   8.0760000e-01  -1.1052804e+03
   8.0840000e-01  -1.1013343e+03
   8.0960000e-01  -1.0933756e+03
   8.1120000e-01  -1.0810032e+03
   8.1200000e-01  -1.0753001e+03
   8.1320000e-01  -1.0684308e+03
   8.1440000e-01  -1.0626194e+03
   8.1520000e-01  -1.0598948e+03
   8.1680000e-01  -1.0568932e+03
   8.1920000e-01  -1.0495069e+03
   8.2200000e-01  -1.0346863e+03
   8.2280000e-01  -1.0300143e+03
   8.2360000e-01  -1.0261748e+03
   8.2600000e-01  -1.0187829e+03
   8.2800000e-01  -1.0118527e+03
   8.2880000e-01  -1.0084540e+03
   8.3040000e-01  -9.9997616e+02
   8.3120000e-01  -9.9641708e+02
   8.3280000e-01  -9.9059168e+02
   8.3520000e-01  -9.8275696e+02
   8.3920000e-01  -9.6518930e+02
   8.4080000e-01  -9.6055535e+02
   8.4280000e-01  -9.5322338e+02
   8.4440000e-01  -9.4657060e+02
   8.4600000e-01  -9.4102005e+02
   8.4640000e-01  -9.4000198e+02
   8.4760000e-01  -9.3811485e+02
   8.4920000e-01  -9.3453714e+02
   8.5000000e-01  -9.3371219e+02
   8.5080000e-01  -9.3369103e+02
   8.5160000e-01  -9.3433789e+02
   8.5240000e-01  -9.3647990e+02
   8.5280000e-01  -9.3837748e+02
   8.5360000e-01  -9.4298239e+02
   8.5440000e-01  -9.4824519e+02
   8.5520000e-01  -9.5513401e+02
   8.5600000e-01  -9.6384596e+02
   8.5680000e-01  -9.7399733e+02
   8.5720000e-01  -9.7962928e+02
   8.5760000e-01  -9.8592873e+02
   8.5840000e-01  -1.0004945e+03
   8.6000000e-01  -1.0314261e+03
   8.6200000e-01  -1.0721576e+03
   8.6360000e-01  -1.1027440e+03
   8.6400000e-01  -1.1100710e+03
   8.6480000e-01  -1.1236977e+03
   8.6600000e-01  -1.1418973e+03
   8.6760000e-01  -1.1635706e+03
   8.6920000e-01  -1.1870893e+03
   8.7000000e-01  -1.1998846e+03
   8.7080000e-01  -1.2132843e+03
   8.7400000e-01  -1.2688094e+03
   8.7520000e-01  -1.2882940e+03
   8.7600000e-01  -1.3001250e+03
   8.7760000e-01  -1.3224467e+03
   8.7840000e-01  -1.3342455e+03
   8.8000000e-01  -1.3598675e+03
   8.8200000e-01  -1.3925799e+03
   8.8320000e-01  -1.4114357e+03
   8.8400000e-01  -1.4234446e+03
   8.8720000e-01  -1.4692092e+03
   8.8880000e-01  -1.4951750e+03
   8.9080000e-01  -1.5253904e+03
   8.9240000e-01  -1.5470672e+03
   8.9400000e-01  -1.5694051e+03
   8.9640000e-01  -1.6016488e+03
   8.9760000e-01  -1.6152486e+03
   8.9840000e-01  -1.6229511e+03
   8.9880000e-01  -1.6261902e+03
   8.9960000e-01  -1.6309275e+03
   9.0080000e-01  -1.6353043e+03
   9.0120000e-01  -1.6360211e+03
   9.0160000e-01  -1.6361629e+03
   9.0200000e-01  -1.6355777e+03
   9.0240000e-01  -1.6340475e+03
   9.0280000e-01  -1.6314466e+03
   9.0320000e-01  -1.6278373e+03
   9.0360000e-01  -1.6232878e+03
   9.0400000e-01  -1.6176724e+03
   9.0440000e-01  -1.6107884e+03
   9.0480000e-01  -1.6026125e+03
   9.0520000e-01  -1.5932962e+03
   9.0560000e-01  -1.5829237e+03
   9.0600000e-01  -1.5714189e+03
   9.0640000e-01  -1.5587061e+03
   9.0680000e-01  -1.5448286e+03
   9.0720000e-01  -1.5298646e+03
   9.0760000e-01  -1.5138280e+03
   9.0800000e-01  -1.4967149e+03
   9.0840000e-01  -1.4785730e+03
   9.0880000e-01  -1.4594724e+03
   9.0920000e-01  -1.4394758e+03
   9.1000000e-01  -1.3973695e+03
   9.1080000e-01  -1.3536049e+03
   9.1200000e-01  -1.2861885e+03
   9.1240000e-01  -1.2643479e+03
   9.1280000e-01  -1.2431676e+03
   9.1320000e-01  -1.2225575e+03
   9.1360000e-01  -1.2025176e+03
   9.1400000e-01  -1.1832270e+03
   9.1440000e-01  -1.1648350e+03
   9.1480000e-01  -1.1472577e+03
   9.1520000e-01  -1.1302585e+03
   9.1600000e-01  -1.0975470e+03
   9.1640000e-01  -1.0819170e+03
   9.1720000e-01  -1.0520753e+03
   9.1880000e-01  -9.9404161e+02
   9.1960000e-01  -9.6363958e+02
   9.2000000e-01  -9.4764490e+02
   9.2040000e-01  -9.3100813e+02
   9.2120000e-01  -8.9598843e+02
   9.2200000e-01  -8.5897663e+02
   9.2320000e-01  -8.0210829e+02
   9.2400000e-01  -7.6492184e+02
   9.2480000e-01  -7.2935448e+02
   9.2520000e-01  -7.1221359e+02
   9.2560000e-01  -6.9565798e+02
   9.2600000e-01  -6.7974845e+02
   9.2920000e-01  -5.5716986e+02
   9.3000000e-01  -5.2522423e+02
   9.3120000e-01  -4.7409534e+02
   9.3240000e-01  -4.2114878e+02
   9.3320000e-01  -3.8646439e+02
   9.3360000e-01  -3.6971255e+02
   9.3400000e-01  -3.5353609e+02
   9.3560000e-01  -2.9234598e+02
   9.3680000e-01  -2.4757543e+02
   9.3760000e-01  -2.1648525e+02
   9.3920000e-01  -1.5152981e+02
   9.4040000e-01  -1.0152055e+02
   9.4120000e-01  -6.9368302e+01
   9.4280000e-01  -7.6211587e+00
   9.4440000e-01   5.1598380e+01
   9.4520000e-01   8.1716677e+01
   9.4600000e-01   1.1301397e+02
   9.4760000e-01   1.7722793e+02
   9.4880000e-01   2.2346971e+02
   9.5040000e-01   2.8191493e+02
   9.5160000e-01   3.2640114e+02
   9.5280000e-01   3.7170296e+02
   9.5440000e-01   4.3288023e+02
   9.5520000e-01   4.6278543e+02
   9.5600000e-01   4.9217223e+02
   9.5880000e-01   5.9333897e+02
   9.6160000e-01   6.9688932e+02
   9.6360000e-01   7.6719173e+02
   9.6520000e-01   8.2438586e+02
   9.6640000e-01   8.6781462e+02
   9.6800000e-01   9.2434431e+02
   9.7120000e-01   1.0353513e+03
   9.7280000e-01   1.0916508e+03
   9.7480000e-01   1.1604868e+03
   9.7640000e-01   1.2139844e+03
   9.7920000e-01   1.3100643e+03
   9.8080000e-01   1.3627622e+03
   9.8480000e-01   1.4961886e+03
   9.8600000e-01   1.5353272e+03
   9.8800000e-01   1.5997744e+03
   9.8960000e-01   1.6527034e+03
   9.9440000e-01   1.8034282e+03
   9.9480000e-01   1.8157286e+03
   9.9560000e-01   1.8390980e+03
   9.9680000e-01   1.8725631e+03
   9.9800000e-01   1.9049818e+03
   9.9880000e-01   1.9253143e+03
   9.9920000e-01   1.9348025e+03
   9.9960000e-01   1.9437540e+03
   1.0000000e+00   1.9519762e+03
